0000000000001001
0000000000010000
0000000000001111
0000000000000011
0000000000010000
0000000000000101
1111111111110011
0000000000000011
0000000000011101
0000000000011000
1111111111111110
1111111111111011
1111111111111000
1111111111101101
0000000000000010
0000000000101000
0000000000011100
1111111111111001
0000000000001001
0000000000010010
1111111111111000
1111111111101110
1111111111010100
1111111111100101
0000000001001001
0000000001110000
0000000000011100
0000000000001000
0000000000011010
1111111110101011
1111111010011000
1111111011011100
0000000111000010
0000000111111101
1111111111000001
1111111111111011
0000000100010110
1111111101001001
1111110100100110
1111110010110101
0000001110111001
0000001111110111
1111111001111111
1111110111100011
0000001000000011
0000001000000111
1111111000101001
1111110101110001
1111110100100110
0000000101111101
0000010010001001
1111111111111000
1111110111110110
0000000110110111
0000000110111110
1111111010100001
1111110001111011
1111101111000001
0000010001101110
0000010010100100
1111111000001010
1111111010101011
0000001010111001
0000000101010011
1111110111110110
1111101111000011
1111101110011110
0000011100011001
0000001001100110
1111111000010010
0000000001010110
0000000110110101
0000000110010011
1111110100100011
1111101011100100
1111110001001111
0000100111000011
1111111011110101
1111111110101111
0000000011110101
0000000011011100
0000001000001000
1111101100001100
1111101110000111
1111111000011100
0000101000000000
1111110101011000
0000000010000100
0000000010001100
0000001110011000
1111110110101011
1111101101001111
1111100110101000
0000100001110110
1111111111110101
0000001010000101
1111111100000000
1111111110101111
0000010111000001
1111101000100110
1111101010001110
1111101110111101
0000101111111001
1111111000100100
0000000001010001
1111111001100100
0000100011100000
1111100011001001
1111110100011011
1111010010101010
0001001100111111
1111011111001010
0000010101000111
1111110011001010
0000100001000010
1111100110011000
1111111011111100
1111010001110101
0001000111111100
1111010001000001
0000100100011001
1111110011001111
0000011110110010
1111101111011010
1111110101000010
1111010100001000
0001000111001100
1111001110010110
0000011001000011
1111110111110111
0000101001100001
1111111100100101
1111100100110100
1111001110111100
0001001111100001
1111101001000100
1111111110101010
1111101101101101
0000011101000100
0000011001110111
1111101011110110
1111000101110011
0001001011000000
0000000110111110
1111110001000101
1111111001010101
0000000000100010
0000001010111101
1111101011001011
1111001001110101
0000101110110000
0000111001110000
1111101010011101
0000010110010101
0000001100001101
1111100111001101
1111001101110101
1111101111000000
1111011100010100
0000010111011001
1111101100001010
0000001111000101
0000101100100011
0000000111010000
1111011000111100
0001011101011010
0000101011101110
1111111011100111
0000001010110111
0000000110110011
1111101000111111
1111010110011010
1110110110010111
1111100010111111
0000010001101011
1111011000110101
1111101001001001
0000010100101001
1111110100000000
1111000010000000
0000111001111011
0000101011011100
0000000001110000
0000001100111000
0000100011000100
0000000010110111
1111101010111011
1111001010111101
1111101100001000
0000001000110100
1111100110001111
1111110000001110
0000010100100111
1111111101010011
1111001010110100
0000111000100001
0001000100001000
1111111000010000
1111110011101111
0000010001110001
1111101000110100
1111001011100100
0000010000100100
0000100101100010
0000011100011111
0000010000011011
0000001001001111
1111110011110101
1111100100101011
1111000000001011
1111101101111111
0000011010011110
0000000111011000
0000000100110011
0000010100011111
1111110011001111
1111000111101111
0000001111000101
0000011000000000
1111101100010101
0000001010101001
0000100100001001
1111110000001011
1111000100001001
0000110010100001
0000011100111010
1111101001001011
0000001010100011
0000100001000000
1111101011001001
1111001011010101
0000111111000100
0000010010110010
1111110010011111
0000001101100100
0000001111000010
1111110110001001
1111010010001000
0000101101001011
0000010000100010
1111111110110110
0000000001011101
0000001110010010
1111111101111110
1111001111010101
0000100000110111
0000001110111100
0000000011100110
1111111110111111
0000001011010101
0000000001000110
1111001011011010
0000011111100000
0000010001111110
0000000110001100
1111111010101111
0000010000100111
1111111010101001
1111001001000101
0000010100110001
0000011011001000
1111111001001010
1111111110011111
0000010101110101
1111110100010100
1111001001000011
0000001100001110
0000100111111101
1111110001010101
0000001010010111
0000010010110101
1111101110110110
1111001010110101
0000010111000100
0000011111100101
1111110001000001
0000000110111111
0000011001110000
1111011111111100
1111101000111001
0000010110110110
0000010110100101
1111101101011000
0000001011111000
0000001101111001
1111001111000011
0000000100000010
0000011100101101
0000000101010000
1111111000001110
0000001101011011
1111111111100001
1111001001000110
0000001111001011
0000100110000001
1111110111001111
1111111011110101
0000001111001100
1111101101011011
1111100001100100
0000010101000001
0000011000111011
1111111101011001
1111111011000001
0000000100000001
1111101011100010
1111101101011110
0000011010011010
0000010101001010
1111111011000111
1111110101101100
1111110101110000
1111110001100111
0000010000110001
0000010100111000
0000000001110010
1111110110001001
1111110110111000
1111101010010001
0000001011110011
0000011000111111
0000000100011011
1111110101010000
1111110110010110
1111101101001000
0000000111100110
0000011000101000
0000001000100011
1111110100101100
1111110101100011
1111110010001110
0000000111110101
0000010100110100
0000001000110001
1111110110001011
1111110100001110
1111110000110111
0000001000110000
0000010111010111
0000000101101100
1111110011111111
1111110010100111
1111110011101100
0000001101110100
0000010101100001
0000000000110100
1111110010111010
1111110001101011
1111111100000111
0000010001110000
0000010001110100
1111111001010101
1111110010010000
1111110000011100
0000000101111110
0000010101010100
0000000111110011
1111110100000110
1111110001011100
1111110111110010
0000001110001001
0000010011011110
1111111100111000
1111110010000010
1111110001011010
0000000100101000
0000010100001111
0000001001011010
1111110100010000
1111110001110111
1111111001111001
0000001110000111
0000010000100001
1111111100010000
1111110010001101
1111110011100110
0000000110111100
0000010011000100
0000000011101010
1111110100000011
1111110011011110
1111111111010001
0000001111101010
0000001001101101
1111111000011011
1111110100110000
1111111010010011
0000001000110111
0000001100000110
1111111111001000
1111110110101101
1111111000011101
0000000010010111
0000001010111110
0000000100011100
1111111010000011
1111111000000011
1111111110000101
0000000111011010
0000000110101110
1111111110001010
1111111001111101
1111111011110101
0000000010110000
0000000110010111
0000000001101110
1111111100010110
1111111011101011
1111111111110011
0000000100011001
0000000011000110
1111111110111001
1111111100101100
1111111110001010
0000000001101111
0000000011001000
0000000000110100
1111111110000010
1111111101110110
0000000000011001
0000000010000001
0000000001010100
1111111111010111
1111111110101010
1111111111011111
0000000000110111
0000000001001010
0000000000010010
1111111111011010
1111111111100100
0000000000001101
0000000000100001
0000000000010110
1111111111110101
1111111111101110
1111111111111100
0000000000001111
0000000000010001
0000000000001000
1111111111111110
0000000000001011
1111111111111111
0000000000011001
0000000000010011
0000000000010010
0000000000000110
1111111111111011
0000000000000110
0000000000010001
