0000000000000001
0000000000000100
0000000000001001
0000000000000101
0000000000000001
0000000000000110
0000000000000000
1111111111111011
0000000000000110
0000000000001100
0000000000001000
1111111111111111
1111111111111100
1111111111111011
1111111111110111
0000000000001000
0000000000010000
0000000000000111
1111111111111111
0000000000000100
0000000000000111
1111111111111010
1111111111110110
1111111111101010
0000000000000000
0000000000101000
0000000000101010
0000000000000101
0000000000000111
0000000000001011
1111111110111010
1111111101010101
1111111110111111
0000000100000000
0000000010100010
1111111110111011
0000000000111001
0000000001100000
1111111101101110
1111111010010001
1111111011110101
0000001000111001
0000000100101011
1111111011100001
1111111110010011
0000000100011011
0000000010000101
1111111011101001
1111111011110010
1111111011001010
0000000110011111
0000000101100101
1111111110010101
1111111101110011
0000000011101100
0000000010001010
1111111100001100
1111111001001101
1111111001111111
0000001011110111
0000000100000111
1111111011100110
0000000000000101
0000000100100010
0000000001001101
1111111011001011
1111111000001100
1111111010101110
0000001111010010
1111111111110100
1111111100111000
0000000010100101
0000000010011010
0000000001101110
1111111001000110
1111110111100101
1111111110001100
0000001111111000
1111111100010110
1111111111011101
0000000010011110
0000000011000110
1111111111110000
1111110110111100
1111110111111101
0000000101011010
0000001001101101
1111111110010110
1111111111110100
0000000000001001
0000001000110101
1111110111101100
1111111000001110
1111110011110011
0000010111011110
1111111000110100
0000000101011000
1111111110100011
0000000011010110
0000000001000101
1111111001110010
1111110010010100
0000001000010001
0000000100010111
0000000110010111
1111111011110010
1111111111101010
0000001011011111
1111110111001001
1111110100010101
1111110100001001
0000011000001111
1111111110010100
1111111100111011
1111111111000110
0000001111010111
1111110110101100
1111110101010001
1111101011110110
0000100100101010
1111110111011011
1111111100110100
1111111111110011
0000001111010110
1111111100011100
1111110011100100
1111101000100101
0000101000011100
1111111011100010
1111110111100010
1111111100101000
0000001101110010
0000000110110111
1111110010011001
1111100101100101
0000100000110010
0000001010111001
1111110111000010
1111111100011010
1111111111011101
0000000101110010
1111110111001100
1111101000100000
0000010100011110
0000010110000000
1111110100100101
0000001000000100
1111111111011010
1111111000111010
1111101111000100
1111111000100111
1111111001100101
0000010100010111
1111111000001111
0000001100111100
0000010000011100
1111111011100111
1111101001110010
0000010111100110
1111110101101111
1111111000111110
1111110110000001
1111111000001000
1111111110000001
1111110111011100
1111100110000001
0000010110101100
0000100000111001
0000000001110001
0000010000111110
0000011001100111
0000000010011101
1111110010000000
0000001000110011
1111111001001011
1111111101000010
1111110110111101
1111111000011010
1111111101010100
1111110111011110
1111100010101100
0000001111001111
0000011010110000
1111111011111000
0000000000101011
0000010001101101
1111111110001110
1111101100010111
0000001000000001
0000000100001100
1111111111100100
0000000000110110
0000001001000100
0000000111000000
1111111110001101
1111100110110111
1111111011010111
0000000110110101
1111110010000001
1111110101110100
0000001011111011
0000000000111111
1111101101101011
0000011110110101
0000011100101010
1111111101010011
1111110100101000
0000000010101010
1111111001011100
1111110010001100
1111111101010011
0000001011011011
0000001010101001
1111111110000011
1111111101001001
0000000000101010
1111111100001011
1111100111001110
1111110110110011
0000001100100111
0000000100100001
1111111111011111
0000000110110010
1111111101001111
1111101001000000
1111111011100001
0000001101110000
0000000000111011
0000000001010100
0000000111111000
1111111110010111
1111101000111111
1111111111010111
0000001101001011
0000000001101010
1111111100110011
0000001011101111
1111111101101101
1111100100100101
0000000101100110
0000001110011111
1111111101001100
1111111110010001
0000001100111000
1111111010110100
1111100110111010
0000000111111000
0000001101000100
1111111101011000
1111111110101000
0000001011111111
1111111001100110
1111100111010101
0000000100100001
0000010001000000
1111111001101101
0000000001110110
0000001010101111
1111111000101000
1111101010010101
0000000011000100
0000010001101001
1111110111110110
0000000101100001
0000001000011111
1111110111111100
1111101010011110
0000001001111100
0000001011110101
1111111010011110
0000000011100110
0000001011000100
1111110001100000
1111111000000111
0000001010001011
0000001000001101
1111111001001111
0000000100011101
0000000110001111
1111101010101010
0000000000111010
0000001011011111
0000000010000011
1111111011100111
0000000110100111
0000000001001010
1111100111000001
0000000100010100
0000001111111111
1111111011000100
0000000000101100
0000000111101110
1111111000100001
1111101110001110
0000001010111100
0000001101001110
1111111001010010
0000000000111110
0000000110000001
1111110001110110
1111111011000001
0000001100000010
0000000110110011
1111111100111011
0000000000001001
0000000000001101
1111110011110110
1111111111000010
0000001100001101
0000000110111101
1111111011100000
1111111100011010
1111111000100111
1111111011100100
0000001010011001
0000000111001110
1111111110001011
1111111100000011
1111111010110000
1111111010010101
0000001000000010
0000001001010110
1111111111110001
1111111011000000
1111111011011011
1111111001010110
0000000110110011
0000001001010001
0000000000110001
1111111011000111
1111111010100111
1111111001011111
0000000110010000
0000001000011100
0000000001000001
1111111011011010
1111111010011100
1111111010001111
0000000110111010
0000001001010100
0000000000000000
1111111010001001
1111111001110101
1111111101101100
0000000111110000
0000000111010110
1111111110000110
1111111010010001
1111111000100010
0000000001001101
0000001001000100
0000000101001100
1111111011100100
1111111001111111
1111111010100001
0000000101000001
0000001001011000
0000000000111011
1111111010000010
1111111001010100
1111111111001110
0000000111110010
0000000110011011
1111111100110001
1111111001101111
1111111010010111
0000000100000011
0000001000110010
0000000001010100
1111111010001100
1111111001011101
1111111111101110
0000000111111000
0000000101010100
1111111100001001
1111111001111011
1111111100010000
0000000101000110
0000000111001001
1111111111011010
1111111010010010
1111111011001111
0000000001110001
0000000111001110
0000000010010010
1111111011101010
1111111011010110
1111111111000011
0000000101000111
0000000100001011
1111111110001100
1111111011110100
1111111101010111
0000000010011100
0000000100101000
0000000000101100
1111111100110011
1111111100110101
0000000000001111
0000000011110001
0000000010000111
1111111110010110
1111111101011010
1111111110111000
0000000001111000
0000000010100000
0000000000000111
1111111110001000
1111111110011001
0000000000100000
0000000010000011
0000000000111000
1111111111001001
1111111110100101
1111111111100111
0000000001000101
0000000001001010
0000000000000000
1111111110111111
1111111111010001
0000000000010110
0000000000111101
0000000000010110
1111111111100011
1111111111100000
0000000000000001
0000000000011110
0000000000011110
0000000000000101
1111111111101100
1111111111110100
0000000000001000
0000000000010000
0000000000000101
1111111111111000
1111111111111100
1111111111111100
0000000000001000
0000000000001010
0000000000000101
0000000000000011
0000000000000011
0000000000001001
0000000000000110
0000000000001001
0000000000000111
0000000000000010
0000000000000000
0000000000000001
