0000000000000000
0000000000000001
0000000000000010
0000000000000010
0000000000000000
0000000000000010
0000000000000001
1111111111111110
0000000000000000
0000000000000100
0000000000000011
0000000000000000
1111111111111111
1111111111111111
1111111111111101
0000000000000000
0000000000000101
0000000000000100
1111111111111111
0000000000000001
0000000000000010
1111111111111111
1111111111111110
1111111111111010
1111111111111100
0000000000001010
0000000000001111
0000000000000100
0000000000000001
0000000000000011
1111111111110101
1111111111010001
1111111111011010
0000000000111011
0000000001000011
1111111111111000
1111111111111111
0000000000100100
1111111111101000
1111111110100000
1111111110010001
0000000001111101
0000000010000101
1111111111001101
1111111110111001
0000000001000100
0000000001000100
1111111111000010
1111111110101010
1111111110100000
0000000000110010
0000000010011000
1111111111111111
1111111110111011
0000000000111010
0000000000111011
1111111111010010
1111111110001010
1111111101110001
0000000010010101
0000000010011100
1111111110111110
1111111111010011
0000000001011100
0000000000101100
1111111110111011
1111111101110010
1111111101101101
0000000011101111
0000000001010001
1111111110111111
0000000000001011
0000000000111001
0000000000110101
1111111110100000
1111111101010100
1111111110000100
0000000101001000
1111111111011101
1111111111110101
0000000000100000
0000000000011101
0000000001000100
1111111101011001
1111111101101010
1111111111000000
0000000101010000
1111111110100111
0000000000010001
0000000000010010
0000000001111001
1111111110110010
1111111101100010
1111111100101011
0000000100011100
1111111111111111
0000000001010101
1111111111011110
1111111111110101
0000000011000001
1111111100111011
1111111101001001
1111111101110001
0000000110010010
1111111111000010
0000000000001011
1111111111001010
0000000100101010
1111111100001101
1111111110011111
1111111010000011
0000001010000111
1111111011101100
0000000010110001
1111111110010100
0000000100010110
1111111100101001
1111111111011110
1111111001111100
0000001001011101
1111111001110101
0000000100110010
1111111110010101
0000000100000011
1111111101110101
1111111110100100
1111111010001111
0000001001010110
1111111001011111
0000000011010010
1111111110111100
0000000101011101
1111111111100011
1111111100011100
1111111001100100
0000001010011100
1111111100111111
1111111111110101
1111111101100110
0000000011110100
0000000011011001
1111111101010111
1111111000010111
0000001001110110
0000000000111011
1111111110000011
1111111111001000
0000000000000100
0000000001011100
1111111101010001
1111111000111001
0000000110001001
0000000111100101
1111111101001011
0000000010111100
0000000001100110
1111111100110000
1111111001011010
1111111101110001
1111111011010100
0000000011000101
1111111101011001
0000000001111111
0000000101110110
0000000000111101
1111111010111000
0000001100010001
0000000101101111
1111111111011011
0000000001011011
0000000000111001
1111111100111111
1111111010100010
1111110110010101
1111111100001100
0000000010010100
1111111010110111
1111111101000000
0000000010101110
1111111110011011
1111110111110111
0000000111100111
0000000101101101
0000000000001111
0000000001101100
0000000100100111
0000000000011000
1111111101001111
1111111001000010
1111111101011001
0000000001001010
1111111100100111
1111111101111011
0000000010101101
1111111111101001
1111111001000001
0000000111011011
0000001000111101
1111111110111111
1111111110011001
0000000010010101
1111111100111101
1111111001000111
0000000010001011
0000000100111011
0000000011101111
0000000010001010
0000000001001110
1111111110011010
1111111100011010
1111110111101000
1111111101101001
0000000011011110
0000000000111110
0000000000101000
0000000010101100
1111111110010101
1111111000100111
0000000001111111
0000000011001010
1111111101011011
0000000001011001
0000000100110000
1111111101111011
1111111000001001
0000000110101000
0000000011110011
1111111101000000
0000000001011001
0000000100010101
1111111101010001
1111111001000101
0000001000010010
0000000010011110
1111111110001110
0000000001110010
0000000001111110
1111111110101101
1111111001111110
0000000101111100
0000000010001011
1111111111110110
0000000000001100
0000000001111000
1111111111101111
1111111001100111
0000000100010100
0000000001111110
0000000000011110
1111111111110111
0000000001011111
0000000000001001
1111111001000110
0000000100001001
0000000010010111
0000000000110100
1111111111010100
0000000010001100
1111111111010011
1111111000110011
0000000010101110
0000000011100100
1111111111000111
1111111111110011
0000000010110111
1111111110011110
1111111000110010
0000000001100111
0000000101010000
1111111110000101
0000000001010111
0000000010011110
1111111101110000
1111111001000001
0000000011000010
0000000100001001
1111111110000010
0000000000111011
0000000011011000
1111111011110011
1111111100111110
0000000011000000
0000000010111110
1111111101100011
0000000001100100
0000000001110101
1111111001100101
0000000000100010
0000000011110001
0000000000101100
1111111110111111
0000000001110001
1111111111111100
1111111000110011
0000000010000000
0000000101000000
1111111110110110
1111111111011101
0000000010000000
1111111101100100
1111111100000000
0000000010110001
0000000011010001
1111111111101010
1111111111010110
0000000000100010
1111111101010100
1111111101100100
0000000011011110
0000000010110010
1111111111010111
1111111110101001
1111111110101010
1111111110000111
0000000010001101
0000000010101111
0000000000001111
1111111110101101
1111111110110011
1111111101001001
0000000001100011
0000000011010010
0000000000100101
1111111110100110
1111111110101111
1111111101100001
0000000001000000
0000000011001111
0000000001001000
1111111110100001
1111111110101000
1111111110001100
0000000001000010
0000000010101111
0000000001001010
1111111110101101
1111111110011101
1111111110000001
0000000001001010
0000000011000100
0000000000110000
1111111110011011
1111111110001111
1111111110011000
0000000001110100
0000000010110101
0000000000000111
1111111110010010
1111111110001000
1111111111011111
0000000010010101
0000000010010110
1111111111001000
1111111110001100
1111111101111101
0000000000110010
0000000010110011
0000000001000010
1111111110011100
1111111110000110
1111111110111011
0000000001110111
0000000010100100
1111111111100110
1111111110001011
1111111110000101
0000000000100111
0000000010101010
0000000001001111
1111111110011101
1111111110001001
1111111111001101
0000000001110111
0000000010001011
1111111111100000
1111111110001100
1111111110011000
0000000000111010
0000000010100000
0000000000011111
1111111110011100
1111111110010111
1111111111111010
0000000010000100
0000000001010010
1111111111000000
1111111110100001
1111111111010000
0000000001001010
0000000001100110
1111111111111001
1111111110110010
1111111111000001
0000000000010100
0000000001011100
0000000000100101
1111111111001110
1111111110111101
1111111111110000
0000000000111110
0000000000111000
1111111111110001
1111111111001101
1111111111011101
0000000000010111
0000000000110101
0000000000001110
1111111111100001
1111111111011100
1111111111111110
0000000000100101
0000000000011010
1111111111110111
1111111111100100
1111111111110000
0000000000001111
0000000000011010
0000000000000111
1111111111101111
1111111111101110
0000000000000011
0000000000010001
0000000000001011
1111111111111011
1111111111110101
1111111111111100
0000000000000111
0000000000001010
0000000000000010
1111111111111011
1111111111111100
0000000000000010
0000000000000100
0000000000000011
1111111111111111
1111111111111110
1111111111111111
0000000000000010
0000000000000010
0000000000000001
0000000000000000
0000000000000001
0000000000000000
0000000000000011
0000000000000011
0000000000000010
0000000000000001
1111111111111111
0000000000000001
