0000000000000001
0000000000000010
0000000000000000
0000000000000001
0000000000000001
1111111111111111
0000000000000000
0000000000000010
0000000000000010
0000000000000000
0000000000000000
1111111111111111
1111111111111110
1111111111111111
0000000000000011
0000000000000011
0000000000000000
0000000000000001
0000000000000001
0000000000000000
1111111111111110
1111111111111101
1111111111111101
0000000000000100
0000000000001010
0000000000000100
0000000000000000
0000000000000011
1111111111111110
1111111111100101
1111111111100000
0000000000010110
0000000000110101
0000000000000110
1111111111110101
0000000000011001
1111111111111110
1111111111001011
1111111110101110
0000000000100000
0000000001110101
1111111111111100
1111111110111110
0000000000011101
0000000000111010
1111111111101011
1111111111000011
1111111111000100
1111111111110101
0000000001110011
0000000000010111
1111111111001111
0000000000010100
0000000000101110
1111111111110111
1111111110111000
1111111110011110
0000000000011111
0000000010010010
1111111111101010
1111111111001101
0000000000110101
0000000000101001
1111111111100110
1111111110101001
1111111110011000
0000000001010001
0000000001111110
1111111111010100
1111111111101110
0000000000110000
0000000000100100
1111111111011101
1111111110001110
1111111110011011
0000000010100101
0000000000101100
1111111111101110
0000000000000100
0000000000010001
0000000001000111
1111111110100100
1111111110010101
1111111110010110
0000000011111011
1111111111001001
0000000000011001
0000000000001001
0000000000011111
0000000000011011
1111111110001011
1111111110001101
0000000000010110
0000000010011101
1111111111110101
1111111111111011
1111111111101111
0000000010101000
1111111101100010
1111111110110101
1111111100101000
0000000101110110
1111111101111000
0000000001011010
1111111111000111
0000000010011001
1111111110001110
1111111111110010
1111111011111110
0000000100111100
1111111101011101
0000000011011110
1111111101111110
0000000001110010
1111111111010100
0000000000100000
1111111100000000
0000000001110010
1111111110001100
0000000101001110
1111111101010001
0000000001010111
1111111111100101
0000000000011010
1111111100011100
0000000000011000
1111111101110111
0000000101101100
1111111110001000
0000000010000110
1111111110110010
1111111111001100
1111111100101110
0000000001111101
1111111100111111
0000000011100010
1111111110011011
0000000011101010
0000000000111101
1111111101101110
1111111011010111
0000000100010001
1111111101001010
0000000001101001
1111111110010110
0000000001111100
0000000010100101
1111111110101100
1111111011001010
0000000110101100
0000000001011111
1111111110001000
1111111111101010
1111111111011100
1111111111001101
1111111101100010
1111111010111110
0000000010110000
0000000110010100
1111111111010001
0000000011001010
0000000100001010
1111111111011011
1111111011111100
0000000010001100
1111111101010100
1111111110100010
1111111100111110
1111111101100101
1111111111000101
1111111101101111
1111111001101100
0000000011101011
0000000101110000
1111111111100101
0000000001101111
0000000100110101
0000000000011101
1111111100110100
0000000001000000
1111111111100000
1111111111100110
1111111111001010
0000000000000001
0000000000100000
1111111110111101
1111111010101101
0000000001111111
0000000100011100
1111111110100011
1111111110101101
0000000010001101
1111111110101001
1111111010111001
0000000100000110
0000000100011001
0000000001100100
0000000001010101
0000000010101111
1111111111110000
1111111101001001
1111111001100111
1111111101100001
0000000000111110
0000000000010111
0000000001111001
0000000011101001
1111111111101001
1111111010000100
0000000000111110
0000000010011101
1111111101111000
0000000000001111
0000000011111111
1111111111100001
1111111010100010
0000000101010100
0000000100100110
1111111110001010
1111111110101100
0000000011000010
1111111111101110
1111111011101010
0000000010001000
0000000011100101
1111111111100111
1111111110010011
0000000010000110
0000000000010001
1111111100100101
1111111110110111
0000000011011110
1111111111111010
1111111110111110
0000000001101100
0000000000001011
1111111110000101
1111111101100101
0000000010011011
0000000000101010
1111111111101010
0000000000101101
0000000000111110
1111111110010111
1111111100111011
0000000010011010
0000000000111011
1111111111101010
0000000000101101
0000000001010000
1111111101110010
1111111110001101
0000000010001011
0000000000110100
1111111111101000
0000000000011110
0000000001010001
1111111100011000
0000000000100111
0000000001101001
0000000001001100
1111111111000101
0000000001000110
0000000000011100
1111111011011001
0000000001010110
0000000010001100
1111111111110111
1111111111101000
0000000001100111
1111111111100000
1111111011001001
0000000001000111
0000000011010111
1111111110110111
0000000000110110
0000000001011111
1111111110101110
1111111011010001
0000000010000110
0000000010110111
1111111110101000
0000000000011010
0000000010001111
1111111101000010
1111111110010011
0000000010001111
0000000010001001
1111111110100110
0000000000110011
0000000001000101
1111111011100111
0000000000011011
0000000010111010
0000000000011110
1111111111001101
0000000001000101
1111111111100100
1111111100010000
0000000001010000
0000000010100000
1111111111111111
1111111111011001
0000000000011010
1111111110111100
1111111101111101
0000000001100101
0000000010001110
0000000000001011
1111111110111101
1111111111010101
1111111110000100
0000000000110011
0000000010010000
0000000000100100
1111111111001110
1111111111010000
1111111110001111
0000000000011010
0000000010001000
0000000001001010
1111111111000010
1111111111001101
1111111110011011
0000000000001000
0000000001111111
0000000001001100
1111111111010001
1111111111000011
1111111110100000
1111111111111110
0000000001110110
0000000001001000
1111111111011001
1111111111000001
1111111110011111
0000000000001101
0000000001111110
0000000001001001
1111111111000101
1111111110111001
1111111110101110
0000000000101111
0000000001111000
0000000000100100
1111111111000001
1111111110110001
1111111110111101
0000000001010011
0000000001110011
1111111111111110
1111111110110100
1111111110101000
1111111111111111
0000000001101010
0000000001010010
1111111111001111
1111111110110001
1111111110110111
0000000000111001
0000000001110100
0000000000010011
1111111110110101
1111111110101010
1111111111110010
0000000001100011
0000000001001101
1111111111010111
1111111110101111
1111111111000001
0000000000111000
0000000001101110
0000000000000110
1111111110110101
1111111110110011
0000000000001000
0000000001100101
0000000000110010
1111111111001000
1111111110110111
1111111111100011
0000000001001001
0000000001001010
1111111111101010
1111111110111111
1111111111010011
0000000000011111
0000000001001010
0000000000010000
1111111111010000
1111111111001111
1111111111111100
0000000000111001
0000000000100111
1111111111101010
1111111111010011
1111111111101000
0000000000011111
0000000000101110
0000000000000010
1111111111100000
1111111111100011
0000000000000101
0000000000100011
0000000000010011
1111111111110001
1111111111100110
1111111111110111
0000000000010100
0000000000010110
1111111111111111
1111111111101111
1111111111110010
0000000000000110
0000000000010001
0000000000001000
1111111111111000
1111111111110011
1111111111111101
0000000000001010
0000000000001010
1111111111111111
1111111111111000
1111111111111101
0000000000000100
0000000000000110
0000000000000100
1111111111111110
1111111111111101
1111111111111111
0000000000000011
0000000000000010
0000000000000000
1111111111111111
1111111111111111
0000000000000000
0000000000000010
0000000000000001
0000000000000001
0000000000000000
0000000000000001
0000000000000001
0000000000000001
0000000000000010
0000000000000001
0000000000000000
0000000000000000
0000000000000000
0000000000000001
