0000000000000001
0000000000000011
0000000000000001
0000000000000001
0000000000000001
1111111111111111
1111111111111111
0000000000000011
0000000000000100
0000000000000001
1111111111111111
1111111111111111
1111111111111110
1111111111111110
0000000000000101
0000000000000101
0000000000000000
0000000000000001
0000000000000001
0000000000000001
1111111111111110
1111111111111100
1111111111111010
0000000000000101
0000000000001111
0000000000001000
0000000000000000
0000000000000100
0000000000000000
1111111111011101
1111111111001100
0000000000010011
0000000001010011
0000000000010011
1111111111101010
0000000000100011
0000000000000111
1111111110111010
1111111110000100
0000000000001111
0000000010110100
0000000000010011
1111111110011000
0000000000011010
0000000001011010
1111111111110011
1111111110100010
1111111110101010
1111111111001111
0000000010110001
0000000000110001
1111111110111011
0000000000001100
0000000001001001
0000000000000011
1111111110011011
1111111101101110
1111111111111010
0000000011110100
1111111111110100
1111111110101001
0000000001000001
0000000001000100
1111111111101010
1111111110000110
1111111101100100
0000000000111000
0000000011101010
1111111111000011
1111111111011000
0000000001001010
0000000000110011
1111111111100011
1111111101011010
1111111101100101
0000000010110011
0000000010000011
1111111111010111
1111111111111101
0000000000100000
0000000001101010
1111111110001101
1111111101011011
1111111101010101
0000000101011011
1111111111010100
0000000000100011
0000000000000101
0000000000010010
0000000001100100
1111111101001011
1111111101100010
1111111110110101
0000000101011010
1111111110110010
0000000000010100
1111111111101011
0000000011100111
1111111100101101
1111111110100101
1111111010101010
0000001000100001
1111111100101001
0000000010111000
1111111110011101
0000000010011110
1111111110101011
1111111111101001
1111111010010101
0000000100100111
1111111110001100
0000000101000110
1111111100101001
0000000001101111
0000000000101011
0000000000011010
1111111010001110
1111111111011010
0000000001010101
0000000110110000
1111111011001101
0000000001010000
0000000000111110
0000000000111101
1111111010110110
1111111100101101
0000000001001010
0000001000010101
1111111100001101
0000000001010100
1111111110101000
0000000000011001
1111111011110001
1111111110110101
1111111110001101
0000000110110000
1111111101101001
0000000100100000
1111111111110011
1111111100111101
1111111010000010
0000000010110001
1111111100011011
0000000100111010
1111111101001001
0000000100010111
0000000011101100
1111111101011011
1111111000100110
0000001000111011
1111111110100110
1111111110100010
1111111110010001
1111111111011000
0000000001001001
1111111110010110
1111111001010100
0000001000011110
0000001000110110
1111111110110001
0000000011011111
0000000011001011
1111111101001110
1111111001011110
1111111100100011
1111111001100010
1111111111100011
1111111011000110
1111111101011111
0000000010000100
1111111110111100
1111111000101000
0000001010011100
0000001001100111
0000000000110100
0000000100000101
0000000111001110
0000000000111001
1111111100100110
1111111011110010
1111111101001100
0000000001000100
1111111101011111
1111111101111101
0000000001010001
1111111110011011
1111110111111101
0000000110101011
0000001000111000
1111111111010000
1111111111111010
0000000100011011
1111111110001101
1111111001000011
1111111111111110
0000000001001111
0000000001001011
0000000001110010
0000000011101010
0000000010011001
1111111110101001
1111110110110101
1111111011100011
0000000000010000
1111111101011001
0000000000100100
0000000111000111
0000000001010110
1111111000001011
0000000100100101
0000000100101001
1111111101001110
1111111110011111
0000000101011011
0000000000001100
1111111000111110
0000000100111100
0000000101111010
1111111111111010
1111111101101011
0000000001101010
0000000000111100
1111111100001110
1111111100000110
0000000100001111
0000000010110110
1111111101010110
0000000000100011
0000000010011110
1111111101010110
1111111000111101
0000000011001011
0000000011010111
1111111101100001
0000000000111101
0000000011000110
1111111101010110
1111111001010000
0000000001110111
0000000011101110
1111111101110100
0000000001001000
0000000010101001
1111111110000101
1111111001001001
0000000001111001
0000000011110111
1111111101111101
0000000001011101
0000000010100010
1111111101110001
1111111010010010
0000000011001101
0000000010010111
1111111111000011
0000000000111001
0000000010101111
1111111011111110
1111111101010010
0000000011000011
0000000001100001
1111111110110111
0000000001000000
0000000010000110
1111111010000100
0000000000110100
0000000010111111
0000000001100001
1111111110110011
0000000001110111
0000000000010001
1111111000100100
0000000010100001
0000000011111101
1111111111001000
1111111111110110
0000000010010111
1111111110111011
1111111000011111
0000000001111000
0000000100101001
1111111101111101
0000000000111011
0000000010111101
1111111100110000
1111111011010110
0000000010111110
0000000011101111
1111111101101100
0000000000111011
0000000010000101
1111111010011011
1111111111101001
0000000011110000
0000000001110100
1111111110010110
0000000001010110
0000000000001100
1111111010000101
0000000000110111
0000000100010100
0000000000010110
1111111110111110
0000000000100011
1111111110111101
1111111100001101
0000000001101101
0000000011101010
0000000000100100
1111111110100000
1111111111000011
1111111101010111
0000000000100111
0000000011010111
0000000001011110
1111111110101111
1111111110111101
1111111101011101
1111111111111111
0000000011010001
0000000001110011
1111111110111000
1111111110101100
1111111101110100
1111111111010011
0000000011000010
0000000010000100
1111111111000111
1111111110100110
1111111101111010
1111111111110001
0000000010011001
0000000010010110
1111111111001000
1111111110100110
1111111101111000
1111111111110000
0000000010110011
0000000010000010
1111111110110111
1111111110010101
1111111101110011
0000000000101110
0000000010110000
0000000001010100
1111111110101001
1111111110010000
1111111110010011
0000000001011110
0000000011000001
0000000000010100
1111111110001110
1111111110000100
1111111111100000
0000000010010011
0000000010010010
1111111111000110
1111111110001011
1111111110001000
0000000000111001
0000000010110110
0000000000110101
1111111110010101
1111111110000110
1111111111010011
0000000010000101
0000000010001110
1111111111010101
1111111110001001
1111111110010001
0000000001000001
0000000010100111
0000000000100010
1111111110010110
1111111110001000
1111111111110101
0000000010010000
0000000001011111
1111111110111010
1111111110010010
1111111111000100
0000000001011110
0000000001111010
1111111111110010
1111111110011111
1111111110110110
0000000000011101
0000000001110001
0000000000100111
1111111110111111
1111111110110101
1111111111101101
0000000001001110
0000000001000110
1111111111101001
1111111110111101
1111111111010011
0000000000100101
0000000001001001
0000000000001100
1111111111010010
1111111111010010
0000000000000001
0000000000110010
0000000000100011
1111111111101110
1111111111011001
1111111111101101
0000000000011010
0000000000100011
0000000000000100
1111111111101000
1111111111101001
0000000000000011
0000000000011001
0000000000001111
1111111111110111
1111111111101100
1111111111111001
0000000000001110
0000000000001111
0000000000000001
1111111111110101
1111111111111010
0000000000000100
0000000000001001
0000000000000111
1111111111111101
1111111111111010
1111111111111111
0000000000000100
0000000000000100
0000000000000000
1111111111111110
1111111111111110
0000000000000001
0000000000000100
0000000000000011
0000000000000000
0000000000000000
0000000000000001
0000000000000001
0000000000000011
0000000000000011
0000000000000001
0000000000000001
1111111111111111
0000000000000010
0000000000000001
