0000000000000110
0000000000001101
0000000000000111
0000000000000010
0000000000001001
0000000000000001
1111111111111001
0000000000001000
0000000000010010
0000000000001100
1111111111111110
1111111111111010
1111111111111000
1111111111110011
0000000000001100
0000000000011000
0000000000001011
1111111111111110
0000000000000110
0000000000001010
1111111111110111
1111111111110001
1111111111100000
0000000000000000
0000000000111011
0000000000111111
0000000000001000
0000000000001010
0000000000010001
1111111110011001
1111111100000011
1111111110100000
0000000101111011
0000000011110000
1111111110011010
0000000001010101
0000000010001110
1111111100101000
1111110111100001
1111111001110110
0000001101001000
0000000110111001
1111111001010111
1111111101011111
0000000110100010
0000000011000101
1111111001100100
1111111001110001
1111111000110110
0000001001100110
0000001000001111
1111111101100010
1111111100110000
0000000101011101
0000000011001100
1111111010011000
1111110101111110
1111110111000110
0000010001100010
0000000110000101
1111111001011111
0000000000000111
0000000110101100
0000000001110001
1111111000110111
1111110100011101
1111111000001100
0000010110100110
1111111111101110
1111111011011000
0000000011110100
0000000011100100
0000000010100010
1111110101110011
1111110011100011
1111111101010101
0000010111011110
1111111010100110
1111111111001101
0000000011101001
0000000100100101
1111111111101001
1111110010100111
1111110100000111
0000000111111111
0000001110010101
1111111101100011
1111111111101110
0000000000001101
0000001101000011
1111110011101101
1111110100100000
1111101101111101
0000100010101100
1111110101011001
0000000111111100
1111111101110111
0000000100111100
0000000001100110
1111110110110100
1111101011110001
0000001100001101
0000000110011100
0000001001011010
1111111001110001
1111111111100000
0000010000111110
1111110010111010
1111101110110000
1111101110011110
0000100011110100
1111111101100000
1111111011011101
1111111110101010
0000010110101101
1111110010001110
1111110000001000
1111100010001101
0000110110001100
1111110011010101
1111111011010011
1111111111101101
0000010110101100
1111111010101111
1111101101101000
1111011101011000
0000111011110001
1111111001011001
1111110011011110
1111111011000001
0000010100010111
0000001010001001
1111101011111001
1111011000111100
0000110000011101
0000010000000110
1111110010110000
1111111010101100
1111111111001100
0000001000100011
1111110010111110
1111011101010001
0000011110010000
0000100000100001
1111101111001000
0000001011111010
1111111111001000
1111110101100001
1111100110111110
1111110101000100
1111110110100000
0000011110000101
1111110100100001
0000010011000111
0000011000010011
1111111001100001
1111011111001010
0000100010110111
1111110000110101
1111110101100111
1111110001001111
1111110100010111
1111111101000100
1111110011010111
1111011001100110
0000100001100010
0000110000100111
0000000010100111
0000011001000101
0000100101110111
0000000011101000
1111101011010011
0000001101000000
1111110101111001
1111111011100111
1111110010101000
1111110100110010
1111111100000010
1111110011011001
1111010100101011
0000010110100001
0000100111100011
1111111001111010
0000000001000000
0000011010001011
1111111101011000
1111100010111110
0000001011110111
0000000110001101
1111111111010111
0000000001010000
0000001101011010
0000001010010110
1111111101010110
1111011010110101
1111111001001001
0000001010000101
1111101011010101
1111110000111100
0000010001100111
0000000001011101
1111100100111010
0000101101100101
0000101010010110
1111111100000001
1111101111001100
0000000011111100
1111110110010011
1111101011100101
1111111100000000
0000010000111000
0000001111101110
1111111101000111
1111111011110001
0000000000111111
1111111010010110
1111011011011000
1111110010011001
0000010010101000
0000000110101011
1111111111010000
0000001010000010
1111111011111011
1111011110000000
1111111001011000
0000010100010100
0000000001010111
0000000001111011
0000001011101001
1111111101100101
1111011101111110
1111111111000100
0000010011011101
0000000010011100
1111111011010001
0000010001010110
1111111100100110
1111010111011110
0000001000010001
0000010101011011
1111111011110110
1111111101011101
0000010011000001
1111111000010110
1111011010111010
0000001011101001
0000010011010100
1111111100001000
1111111101111101
0000010001101110
1111110110100001
1111011011100010
0000000110101011
0000011001001001
1111110110101100
0000000010101111
0000001111111000
1111110101000110
1111011111111110
0000000100100010
0000011010000101
1111110011111100
0000001000001010
0000001100100010
1111110100000110
1111100000001011
0000001110101101
0000010001011110
1111110111110100
0000000101010100
0000010000010110
1111101010100100
1111110100010101
0000001111000011
0000001100001000
1111110110000000
0000000110100110
0000001001001110
1111100000011101
0000000001010110
0000010000111110
0000000011000001
1111111001100001
0000001001110010
0000000001101110
1111011011000100
0000000110011000
0000010111101000
1111111000101101
0000000001000010
0000001011011010
1111110100111011
1111100101101101
0000010000001010
0000010011100010
1111110110000101
0000000001011011
0000001000111001
1111101011000101
1111111000101001
0000010001110010
0000001010000011
1111111011011100
0000000000001101
0000000000010011
1111101110000010
1111111110100101
0000010010000010
0000001010010001
1111111001010110
1111111010101101
1111110101000101
1111111001011100
0000001111010111
0000001010101010
1111111101010011
1111111010001010
1111111000001111
1111110111101000
0000001011111000
0000001101110100
1111111111101010
1111111000100111
1111111001010000
1111110110001010
0000001010000011
0000001101101101
0000000001001000
1111111000110010
1111111000000010
1111110110011000
0000001001001111
0000001100011111
0000000001100000
1111111001001110
1111110111110010
1111110111011110
0000001010001101
0000001101110001
0000000000000000
1111110111010101
1111110110111000
1111111100100110
0000001011011110
0000001010110111
1111111101001100
1111110111100010
1111110100111110
0000000001110010
0000001101011001
0000000111101011
1111111001011101
1111110111001000
1111110111111010
0000000111011010
0000001101110110
0000000001010111
1111110111001011
1111110110000111
1111111110110110
0000001011100001
0000001001011111
1111111011001110
1111110110110000
1111110111101010
0000000101111111
0000001100111111
0000000001111101
1111110111011011
1111110110010101
1111111111100110
0000001011101001
0000000111110110
1111111010010010
1111110111000001
1111111010011101
0000000111100010
0000001010100011
1111111111000111
1111110111100011
1111111000111101
0000000010100110
0000001010101011
0000000011011000
1111111001100101
1111111001000111
1111111110100110
0000000111100011
0000000110001011
1111111101010101
1111111001110100
1111111100000110
0000000011100111
0000000110110110
0000000001000001
1111111011010001
1111111011010100
0000000000010111
0000000101100101
0000000011001000
1111111101100100
1111111100001010
1111111110010110
0000000010110010
0000000011101100
0000000000001011
1111111101001111
1111111101101000
0000000000110000
0000000011000001
0000000001010010
1111111110101111
1111111101111001
1111111111011011
0000000001100110
0000000001101101
0000000000000000
1111111110100000
1111111110111011
0000000000100001
0000000001011011
0000000000100001
1111111111010101
1111111111010001
0000000000000010
0000000000101100
0000000000101100
0000000000001000
1111111111100011
1111111111101111
0000000000001100
0000000000011000
0000000000000111
1111111111110101
1111111111111010
1111111111111010
0000000000001011
0000000000001110
0000000000001000
0000000000000100
0000000000000100
0000000000001110
0000000000001001
0000000000001110
0000000000001010
0000000000000011
0000000000000000
0000000000000010
0000000000000100
