0000000000000000
0000000000000001
0000000000000001
0000000000000001
0000000000000000
0000000000000001
0000000000000001
1111111111111111
0000000000000000
0000000000000011
0000000000000010
0000000000000000
0000000000000000
1111111111111111
1111111111111110
0000000000000000
0000000000000011
0000000000000011
0000000000000000
0000000000000001
0000000000000001
0000000000000000
1111111111111110
1111111111111100
1111111111111101
0000000000000101
0000000000001010
0000000000000011
0000000000000000
0000000000000010
1111111111111011
1111111111100011
1111111111100011
0000000000011111
0000000000110010
0000000000000000
1111111111111010
0000000000011001
1111111111110111
1111111111000101
1111111110110001
0000000000111100
0000000001100110
1111111111101101
1111111111000110
0000000000100110
0000000000110101
1111111111100000
1111111111000100
1111111111000010
0000000000001101
0000000001101011
0000000000001100
1111111111001111
0000000000011110
0000000000101011
1111111111101100
1111111110110101
1111111110011110
0000000001000001
0000000010000000
1111111111011101
1111111111010110
0000000000111011
0000000000100011
1111111111011100
1111111110100101
1111111110011010
0000000001111011
0000000001011011
1111111111010011
1111111111111010
0000000000101100
0000000000100101
1111111111001110
1111111110001100
1111111110100000
0000000011001000
0000000000000110
1111111111110101
0000000000001101
0000000000010000
0000000000111111
1111111110011000
1111111110011000
1111111110101101
0000000011111010
1111111110111111
0000000000010100
0000000000001100
0000000000110110
1111111111110010
1111111110010010
1111111110000001
0000000001101101
0000000001001111
0000000000011010
1111111111101110
1111111111110001
0000000010100000
1111111101101000
1111111110100000
1111111101010100
0000000101010010
1111111110011001
0000000000110011
1111111111010000
0000000010110110
1111111101100101
1111111111100001
1111111011111000
0000000110001001
1111111100110001
0000000010111100
1111111110011001
0000000010010111
1111111110010010
0000000000010000
1111111011111110
0000000100001101
1111111100011000
0000000100101010
1111111110000100
0000000001111110
1111111110110100
1111111111111000
1111111100011101
0000000011010100
1111111011101100
0000000100011010
1111111110110101
0000000011000100
1111111111000001
1111111110001101
1111111100001110
0000000100110110
1111111100100100
0000000001101111
1111111110011001
0000000011011011
0000000001111010
1111111101111110
1111111011000011
0000000110010111
1111111110101001
1111111111110000
1111111110110011
0000000000111000
0000000001111100
1111111110101010
1111111011001110
0000000101111000
0000000011100100
1111111110000111
0000000000110001
1111111111110010
1111111110001000
1111111100011110
1111111011110011
1111111110111010
0000000100101100
1111111110111011
0000000010101101
0000000100101110
0000000000011010
1111111100011111
0000000101110111
0000000000001001
1111111110111011
1111111110101011
1111111110010010
1111111101110000
1111111100101110
1111111000111010
1111111111111111
0000000011100001
1111111101110110
1111111111110101
0000000011101011
1111111111110011
1111111011100110
0000000100000001
0000000001111011
0000000000000000
0000000000010010
0000000001101100
0000000000011000
1111111110110101
1111111010110000
1111111111011110
0000000010001100
1111111101110001
1111111110001111
0000000001110011
1111111111000001
1111111011000000
0000000101101000
0000000110001001
0000000001010101
0000000000011010
0000000010000010
1111111110010011
1111111011110000
1111111011111100
1111111111110110
0000000010011111
0000000001101010
0000000001110000
0000000001011001
1111111110010011
1111111001110011
1111111110110011
0000000010100011
1111111111001100
0000000000101101
0000000011010011
1111111110111001
1111111010100010
0000000011101001
0000000011001001
1111111101111001
1111111111101011
0000000011110111
1111111111000000
1111111010011011
0000000101100001
0000000011100101
1111111101111000
1111111111110011
0000000010111101
1111111110110100
1111111011101000
0000000011101010
0000000010001101
1111111110101100
0000000000000111
0000000001110111
1111111111000110
1111111101001010
0000000001001000
0000000001110111
1111111111101111
0000000000000010
0000000000111110
0000000000001000
1111111101001111
1111111111110000
0000000010000011
0000000000001010
1111111111111111
0000000000101110
0000000000110000
1111111100100100
0000000000111111
0000000001011100
0000000000110101
1111111111011100
0000000000110110
0000000000011010
1111111011011100
0000000001111001
0000000001101010
0000000000100111
1111111111010111
0000000001100101
1111111111100110
1111111011000111
0000000001100000
0000000010110111
1111111111000110
0000000000001101
0000000001110000
1111111110111001
1111111011001111
0000000001001111
0000000011001010
1111111110100100
0000000001000000
0000000001111011
1111111101111001
1111111100100001
0000000010000101
0000000010010010
1111111110100000
0000000000101011
0000000001110010
1111111100011100
1111111111000000
0000000010010101
0000000001010011
1111111110111000
0000000000111110
0000000000101000
1111111011010001
0000000000100100
0000000011000101
1111111111110001
1111111111011011
0000000001010001
1111111110111100
1111111100111000
0000000001110010
0000000010010010
1111111111111111
1111111111011000
0000000000011101
1111111110100001
1111111110010110
0000000001110011
0000000010010000
1111111111110101
1111111111000010
1111111111001110
1111111110001101
0000000001010011
0000000001111010
0000000000010111
1111111111001100
1111111111001111
1111111110001001
0000000000100111
0000000010010000
0000000000110110
1111111110111110
1111111111001110
1111111110011010
0000000000011110
0000000001111111
0000000001001000
1111111111000011
1111111111000101
1111111110100101
0000000000011001
0000000001110100
0000000000111000
1111111111010101
1111111110111100
1111111110100100
0000000000100010
0000000001111111
0000000000110111
1111111111000000
1111111110110111
1111111110111000
0000000000111011
0000000001111110
0000000000010011
1111111110111001
1111111110110001
1111111111010001
0000000001011110
0000000001100101
1111111111101111
1111111110110010
1111111110100100
0000000000010010
0000000001110000
0000000000111110
1111111111000111
1111111110101111
1111111111000100
0000000001000101
0000000001101110
0000000000000011
1111111110110010
1111111110101010
0000000000001010
0000000001101010
0000000001000001
1111111111001000
1111111110110000
1111111111010001
0000000001000010
0000000001101000
1111111111111001
1111111110110011
1111111110110110
0000000000010110
0000000001101101
0000000000100010
1111111111000001
1111111110111000
1111111111101111
0000000001010010
0000000001000001
1111111111011111
1111111110111111
1111111111011001
0000000000101001
0000000001001000
0000000000000110
1111111111001101
1111111111010010
0000000000000101
0000000000111100
0000000000100001
1111111111100100
1111111111010011
1111111111101110
0000000000100101
0000000000101010
1111111111111100
1111111111011111
1111111111100101
0000000000001011
0000000000100101
0000000000001110
1111111111101110
1111111111100110
1111111111111011
0000000000010111
0000000000010100
1111111111111100
1111111111101110
1111111111110100
0000000000001000
0000000000010001
0000000000000111
1111111111110110
1111111111110100
0000000000000000
0000000000001011
0000000000001001
1111111111111101
1111111111111000
1111111111111100
0000000000000100
0000000000000111
0000000000000010
1111111111111110
1111111111111101
0000000000000000
0000000000000011
0000000000000010
1111111111111111
1111111111111110
0000000000000000
0000000000000000
0000000000000010
0000000000000001
0000000000000000
0000000000000001
0000000000000001
0000000000000010
0000000000000001
0000000000000010
0000000000000001
0000000000000000
0000000000000000
