0000000000000001
0000000000000110
0000000000001110
0000000000000110
0000000000000011
0000000000000110
0000000000000001
1111111111111010
0000000000001010
0000000000010010
0000000000001001
1111111111111101
1111111111111001
1111111111111000
1111111111110101
0000000000010000
0000000000011001
0000000000001001
1111111111111111
0000000000000101
0000000000001001
1111111111110110
1111111111101111
1111111111100001
0000000000000110
0000000001000010
0000000000111000
0000000000000101
0000000000001100
0000000000001100
1111111110000000
1111111011111101
1111111111011000
0000000110010100
0000000011000000
1111111110001101
0000000001111001
0000000001110010
1111111011111001
1111110111000001
1111111011110101
0000001110010111
0000000100111111
1111111000011101
1111111111001010
0000000110110011
0000000001101111
1111111001000110
1111111001110000
1111111001100011
0000001011001110
0000000111000110
1111111100010110
1111111110000000
0000000101101101
0000000010011001
1111111001100000
1111110101100010
1111111001001101
0000010010110101
0000000011011100
1111111001001000
0000000001111100
0000000110010100
0000000000110000
1111111000000101
1111110100001100
1111111011010111
0000010110100111
1111111101011010
1111111011101110
0000000100111011
0000000011011101
0000000001001010
1111110100101110
1111110011110001
0000000010010010
0000010100000001
1111111010110100
1111111111000111
0000000011100011
0000000110000101
1111111100011111
1111110010101111
1111110011011100
0000001111000111
0000000111101001
1111111111110101
1111111111101000
1111111111111100
0000001100110100
1111110010010011
1111110100011100
1111101111001010
0000100011100010
1111110100010000
0000000110100111
1111111110010111
0000001001100011
1111111010001001
1111111000110110
1111101000110001
0000011000111001
1111111011110011
0000001101101010
1111111000001011
0000000011001000
0000001010100100
1111110111110100
1111101010001111
1111111010011011
0000010110010111
0000001001101001
1111110100010100
0000000010000001
0000010011010000
1111110111111001
1111101001110111
1111100101101110
0000101100001100
0000000100111011
1111101111101110
0000000001101011
0000010011100000
1111111111100001
1111101001100111
1111011010111111
0000110010101110
0000001111100011
1111101010111110
1111111100010010
0000001011100011
0000001011011100
1111101100100110
1111011010001001
0000011111111110
0000011111010101
1111110001001000
0000000011010011
1111111010011001
1111111110111010
1111101110110000
1111100111101011
0000001000001111
0000100100111011
1111110000000100
0000010010010010
0000000101000100
1111110001110110
1111100001001011
0000001000111001
1111101110000001
0000010001010000
1111110011100100
0000001110100110
0000011001000100
1111111101001110
1111100000100110
0000110101000100
0000001001000111
1111110001100101
1111111001111000
1111110110001111
1111110000110000
1111100111011100
1111010010010101
0000000110001110
0000100101010011
1111111001001010
0000010001101011
0000101000011001
0000001000000100
1111101010000001
0000101010001011
0000001101111011
0000000011010001
0000000010100011
0000000100101111
1111111100101110
1111110100101101
1111010111011011
0000000100100100
0000011011001101
1111110100001001
1111111001011001
0000010011101010
1111111001111000
1111011100000011
0000100000111111
0000011010110010
0000000101100010
0000000111001000
0000010101011000
0000000100101111
1111110100000110
1111011000000100
1111101110101001
0000000000011111
1111101111101011
1111111011111000
0000010111101010
0000000111000000
1111100010101000
0000011101011011
0000011011111001
1111101000110111
1111101101101000
0000001111100011
0000000000011000
1111101001000011
0000011100111100
0000011011011111
0000000000101100
1111110111010010
0000000011001111
0000000000000010
1111110110011110
1111100001000110
0000000010101000
0000010011100100
0000000010101110
1111111011010011
0000000110001000
1111111111100110
1111011001110110
1111110001101110
0000011100000001
0000000010000011
1111111000110111
0000001111100000
1111111111100001
1111010111100100
1111111000000111
0000100010000100
1111111011001100
1111111001010100
0000010101011100
1111111010001011
1111011000010011
0000000001100011
0000011101011011
1111110111000100
1111111101111001
0000010101010001
1111110101011110
1111011110000000
0000000011001000
0000011100011000
1111110110011010
0000000000101110
0000010010100100
1111110100010011
1111011110110110
0000000100100100
0000011100100001
1111110011001111
0000000111101011
0000001101111110
1111110101001010
1111011110111010
0000001100100110
0000010010111110
1111110110111001
0000000111111000
0000001110011111
1111101111110001
1111101011101101
0000001110111101
0000001100100010
1111111000010010
0000000100011010
0000001101001101
1111100101001010
1111111100000010
0000010001000101
0000001001001110
1111111000100000
0000001000100001
0000000100010110
1111011101010000
0000001001000000
0000010011101010
1111111101000011
1111111111011010
0000001001111000
1111111100011111
1111011010000001
0000001100101001
0000010111110010
1111110110110111
0000000000011101
0000001101100000
1111101110110101
1111101101110010
0000010001010100
0000010001011101
1111110110000010
0000000010111011
0000000111100001
1111100111010010
1111111100100110
0000010010011111
0000001000000000
1111111010100100
0000000001100011
1111111110100001
1111101101111100
0000000001000110
0000010010010101
0000001001110001
1111110111100110
1111111011101011
1111110011001100
1111111110011101
0000001111101100
0000001000101100
1111111100010000
1111111010001000
1111110110011100
1111111000011100
0000001110000011
0000001100101010
1111111101011101
1111111000111010
1111111000011011
1111111000110111
0000001011011000
0000001101001000
1111111111110000
1111111000001001
1111111000000001
1111111001100111
0000001010101100
0000001010110011
0000000000011110
1111111000011100
1111110111011000
1111111010001101
0000001011100000
0000001100010111
1111111110011001
1111110111010011
1111110110100001
1111111110110111
0000001100001110
0000001010100101
1111111010111010
1111110111101101
1111110101101010
0000000011111110
0000001101110010
0000000101001110
1111111000110101
1111110110100111
1111111001001011
0000001001000001
0000001100101100
1111111111011101
1111110111000001
1111110101101110
0000000001010111
0000001011111110
0000000111110010
1111111001111100
1111110110101010
1111111001011011
0000000111100111
0000001100110101
1111111111110101
1111110111000010
1111110110110010
0000000001100111
0000001100001011
0000000110100011
1111111001000101
1111110110111100
1111111011110101
0000001001001100
0000001001111101
1111111101000010
1111110111101010
1111111001011111
0000000100010010
0000001010100001
0000000001110111
1111111001000100
1111111001011001
1111111111101001
0000001000001011
0000000101001110
1111111100011010
1111111001110111
1111111100111000
0000000100011001
0000000110011111
0000000000001000
1111111011000010
1111111011101001
0000000001001101
0000000101101110
0000000010011011
1111111101001000
1111111100001001
1111111110110101
0000000011010100
0000000011010101
1111111111100101
1111111101001011
1111111101111001
0000000001010000
0000000010111100
0000000001000001
1111111110100001
1111111101111101
1111111111101011
0000000001110001
0000000001100111
1111111111110010
1111111110011000
1111111111001001
0000000000101101
0000000001011011
0000000000010111
1111111111001110
1111111111010001
1111111111111110
0000000000110010
0000000000101001
1111111111111110
1111111111100111
1111111111110001
0000000000010001
0000000000010111
0000000000000111
1111111111110001
1111111111111100
0000000000000000
0000000000001000
0000000000001101
0000000000000010
0000000000000110
0000000000000011
0000000000001110
0000000000001111
0000000000001001
0000000000001011
1111111111111111
0000000000000011
0000000000000101
