0000000000000101
0000000000001010
0000000000010101
0000000000001000
0000000000001000
0000000000001000
1111111111111011
1111111111111010
0000000000010111
0000000000011100
0000000000001000
1111111111111010
1111111111111001
1111111111101111
1111111111110000
0000000000100011
0000000000100110
0000000000000011
0000000000000110
0000000000001010
0000000000001000
1111111111101111
1111111111100001
1111111111010100
0000000000100100
0000000001110000
0000000001000000
0000000000000100
0000000000011100
1111111111111100
1111111011110010
1111111001110101
0000000010010000
0000001001111011
0000000010010001
1111111101011100
0000000100001011
0000000000110100
1111110111100111
1111110001010001
0000000001101111
0000010101011101
0000000010010100
1111110011101010
0000000011000110
0000001010110001
1111111110011111
1111110100110011
1111110101110000
1111111010001011
0000010101000011
0000000101110100
1111110111110100
0000000001011101
0000001000101000
0000000000010011
1111110100000010
1111101110101011
1111111111010011
0000011101000011
1111111110100010
1111110101101101
0000000111110000
0000001000000110
1111111101011010
1111110001100001
1111101101011110
0000000110100111
0000011011110100
1111111000101101
1111111011001111
0000001000110111
0000000110001000
1111111100100110
1111101100001110
1111101101100100
0000010101010000
0000001111101000
1111111011001001
1111111111101000
0000000011110110
0000001100101011
1111110010010111
1111101100011000
1111101011100111
0000101001010011
1111111010101111
0000000100001110
0000000000101001
0000000010000110
0000001011111001
1111101010011111
1111101101001111
1111110111000011
0000101001001110
1111110110101100
0000000010011100
1111111101100011
0000011011100010
1111100110110111
1111110101001011
1111010111010001
0001000000111000
1111100110011101
0000010101111001
1111110100001110
0000010010110011
1111110101110101
1111111101010011
1111010100110100
0000100011000101
1111110010001011
0000100110110010
1111100110011101
0000001101010001
0000000101001000
0000000011001000
1111010011111010
1111111011100010
0000001010000101
0000110011011101
1111011011100000
0000001001100100
0000000111010111
0000000111010011
1111011000101011
1111100110111010
0000001000110100
0000111111011101
1111100011000011
0000001010000011
1111110101100001
0000000010111111
1111011111101101
1111110111000001
1111110010010010
0000110011011001
1111101110000000
0000100010010000
1111111110011101
1111101000110110
1111010010100011
0000010101000011
1111100100110100
0000100101011001
1111101010010001
0000100001001011
0000011100001000
1111101100010101
1111000111101000
0001000011111111
1111110101010001
1111110100110001
1111110010110110
1111111011010011
0000001000101010
1111110011010101
1111001101000011
0001000000100010
0001000011010100
1111110110100110
0000011010100110
0000011000001101
1111101010111000
1111001110001111
1111100101101101
1111001110110001
1111111100100001
1111011010101000
1111101100110111
0000001111101111
1111110111111001
1111000111110111
0001001111011100
0001001001001000
0000000110001101
0000011111000010
0000110110111110
0000000110110001
1111100110000100
1111011111111010
1111101010101001
0000001000000011
1111101100110101
1111110000011010
0000001001101010
1111110011111100
1111000010110001
0000110010110111
0001000011100100
1111111010010000
1111111111010110
0000100001101110
1111110010010010
1111001011000000
1111111111110001
0000001001011011
0000001000111100
0000001101100110
0000011011110011
0000010010010001
1111110101100111
1110111010001010
1111011110001000
0000000001111001
1111101100000111
0000000100010001
0000110110001010
0000001010001100
1111000100011000
0000100010111011
0000100011010101
1111101010110110
1111110100011101
0000101001010000
0000000001011011
1111001010011011
0000100101100110
0000101100111100
1111111111010100
1111101110001110
0000001100101001
0000000111001011
1111100011010000
1111100010010011
0000100000010001
0000010101100111
1111101011110101
0000000100001100
0000010010110100
1111101011110001
1111001010010100
0000011000001011
0000011001100111
1111101101000110
0000000111010000
0000010111100101
1111101011110010
1111001100100101
0000001110001001
0000011100010101
1111101111010011
0000001000100101
0000010100000110
1111110001011001
1111001011110010
0000001110010110
0000011101011000
1111110000011011
0000001011000110
0000010011010100
1111101110111100
1111010100011110
0000011000011101
0000010001111011
1111111000110010
0000000110110001
0000010100110010
1111100001010011
1111101011010101
0000010111001011
0000001011100011
1111110111010011
0000000111101011
0000001111111011
1111010010101111
0000000110001110
0000010110101100
0000001011100011
1111110110110110
0000001110001100
0000000010000010
1111000111011000
0000010011001000
0000011110000011
1111111001010110
1111111110110011
0000010010000000
1111110111110010
1111000110110001
0000001110010010
0000100011010100
1111110000011110
0000000110111110
0000010110100001
1111100111001111
1111011100100110
0000010110101000
0000011100011100
1111101110011011
0000000111000000
0000001111110100
1111010101100010
1111111101010011
0000011100100011
0000001101110000
1111110011010101
0000001010001100
0000000001011101
1111010010111010
0000000110100000
0000100000110110
0000000010100110
1111111000001100
0000000100001010
1111111000000110
1111100011000100
0000001100111111
0000011011110111
0000000100010100
1111110100100110
1111111000110000
1111101011110110
0000000100100101
0000011001100010
0000001011001000
1111110110010101
1111111000000001
1111101100100110
1111111111111010
0000011000110101
0000001101101010
1111110111011110
1111110110000001
1111101111010100
1111111010100110
0000010111001001
0000001111101100
1111111001010001
1111110101010001
1111110000000011
1111111110001011
0000010010001110
0000010001111001
1111111001011000
1111110101010110
1111101111110011
1111111110000110
0000010101010100
0000001111011110
1111110111010010
1111110011010011
1111101111001111
0000000101100010
0000010100111110
0000001010000000
1111110101101001
1111110010101101
1111110011000001
0000001011001101
0000010110111011
0000000010011011
1111110010011101
1111110001010011
1111111100001010
0000010001011110
0000010001011100
1111111001000100
1111110010001000
1111110001101101
0000000110110101
0000010101101001
0000000110010010
1111110011001110
1111110001100000
1111111010100110
0000001111110001
0000010000111100
1111111010110111
1111110001111000
1111110010110010
0000000111110000
0000010011111000
0000000100000100
1111110011011010
1111110001101110
1111111110101111
0000010001000110
0000001011010111
1111110111101110
1111110010111001
1111111000111000
0000001011001111
0000001110100000
1111111110010100
1111110100100000
1111110111001100
0000000011011100
0000001101011101
0000000100101010
1111111000001110
1111110111000100
1111111101110000
0000001001001111
0000001000010011
1111111101001110
1111111000000011
1111111010101001
0000000100011001
0000001000101111
0000000001011111
1111111010011111
1111111010100011
0000000000000110
0000000101111101
0000000100001001
1111111101110100
1111111011010111
1111111101110011
0000000011001000
0000000100001011
0000000000011100
1111111101001100
1111111101010011
0000000000010110
0000000011000001
0000000001110101
1111111110111010
1111111101100110
1111111111001000
0000000001101100
0000000001110011
0000000000001010
1111111110101011
1111111111010010
0000000000011100
0000000001000010
0000000000110101
1111111111101101
1111111111010000
1111111111111000
0000000000100000
0000000000011101
0000000000000011
1111111111110001
1111111111110001
0000000000000100
0000000000011110
0000000000010101
0000000000000010
0000000000000010
0000000000001001
0000000000000101
0000000000011000
0000000000010100
0000000000001011
0000000000000101
1111111111110101
0000000000001111
