0000000000000111
0000000000010000
0000000000001010
0000000000000010
0000000000001101
0000000000000001
1111111111110110
0000000000000110
0000000000011010
0000000000010010
1111111111111100
1111111111111100
1111111111110111
1111111111101101
0000000000001010
0000000000100010
0000000000010011
1111111111111100
0000000000001001
0000000000001111
1111111111110111
1111111111110000
1111111111011000
1111111111110110
0000000001000101
0000000001011010
0000000000001111
0000000000001010
0000000000010110
1111111110011010
1111111011000001
1111111100111110
0000000110111101
0000000101110110
1111111110011010
0000000000111000
0000000011010110
1111111100100100
1111110101101001
1111110110001010
0000001110111101
0000001011101100
1111111000110100
1111111010101010
0000000111111001
0000000101100011
1111111000100001
1111110111101011
1111110110010011
0000001000111010
0000001101001000
1111111110010101
1111111010001010
0000000110100111
0000000101001001
1111111001111001
1111110011011110
1111110010100101
0000010011101100
0000001011011000
1111111000011010
1111111101110110
0000001001000110
0000000011011011
1111110111110010
1111110001001101
1111110010110111
0000011011111001
0000000011100001
1111111001101001
0000000011000111
0000000101000011
0000000100100110
1111110100011010
1111101111010010
1111110111011010
0000100001001100
1111111001110100
1111111111000000
0000000100001111
0000000100001110
0000000011100011
1111101110101001
1111110000110100
0000000001010011
0000011010110111
1111111001101111
0000000000100100
0000000001001001
0000001111001010
1111110011001000
1111110000100110
1111101000110010
0000100110111101
1111110111000001
0000001010110100
1111111100100111
0000000001100110
0000001011011101
1111110000000010
1111101001101010
1111111111100110
0000011000010000
0000000100000000
1111111011100000
1111111100101100
0000011100011110
1111101001111011
1111101111101110
1111011110011011
0000111100001100
1111101110110011
0000000101011101
1111111010000000
0000011111010111
1111101010011000
1111110011111011
1111010111110110
0001000110101011
1111011110010001
0000001101000100
1111111011100001
0000011101011100
1111110011101111
1111101110111101
1111010111000001
0001001011010110
1111100010000011
0000000000001111
1111111001101110
0000100011011000
0000000110110010
1111100101001101
1111010000010100
0001000110011000
1111111111110011
1111110100111000
1111110010001000
0000001011011100
0000010011101111
1111110000010000
1111001111100000
0000111001000000
0000011000101000
1111101101101010
0000000011111001
1111111010100000
1111111100101001
1111101000111101
1111011100000001
0000001011000001
0000110010111000
1111101111011001
0000011001101011
0000011000011111
1111101111011101
1111010010000000
0000001111000011
1111011111011110
1111111111110110
1111101010001001
1111111101011101
0000010011000110
1111111100110110
1111011000011100
0001001010011101
0000111111000010
0000000011011100
0000011011101000
0000100000111110
1111111000001100
1111011111001111
1111011111101110
1111011110011111
1111111110101001
1111100001101100
1111100110101001
0000000001010011
1111110000011110
1111000111110101
0000110000111110
0000110101010010
1111111011101100
0000001001101110
0000100101111111
0000000000100010
1111100011010011
1111101001010111
1111110001010101
1111111110110111
1111110101110101
1111111111110010
0000010000101110
0000000001010001
1111010100010010
0000010110110100
0000100111111000
1111101000011111
1111101001101010
0000010001001000
1111110101011010
1111010111110011
0000111001100010
0000111011111110
0000001110011001
1111111011011001
0000000010010101
1111101011011100
1111100110011010
1111011011011111
0000000110101000
0000011001101011
0000000100010110
1111111110111111
0000000101110011
1111110111011101
1111010010110111
1111110101011100
0000010111001000
1111111011110000
0000001001000000
0000010101011111
1111110011010000
1111010011110000
0000001110010001
0000010000001011
1111111001100111
0000001010000110
0000010011100111
1111110100010000
1111010110000011
0000011010001101
0000010000110111
1111111110001101
0000000101111110
0000001110110110
1111111010010101
1111001111110010
0000011111001110
0000010100000101
0000000000010111
0000000001011000
0000010000000011
1111111011100010
1111001110010101
0000100000111001
0000001111110001
0000000001011101
1111111101110010
0000001111110100
1111111001110011
1111001101000010
0000010011110111
0000010110100010
1111111011110001
1111111110100001
0000010011100110
1111110101000100
1111010011001101
0000001001101001
0000100010000011
1111110011010010
0000000101011101
0000010001111011
1111110010101110
1111010010001010
0000001100011100
0000011101000101
1111110010000101
0000001011000101
0000010010011011
1111101011011000
1111100001110100
0000010010101000
0000010100000011
1111110011000011
0000000110011100
0000010010001110
1111011110001111
1111111000101100
0000010110101001
0000001111001001
1111110011111100
0000001011001000
0000000111100010
1111010010010110
0000001001000111
0000011101111100
1111111100111110
1111111111000000
0000001100011001
1111111001001010
1111010100000110
0000010010010011
0000011100011001
1111110100111010
1111111111010001
0000001100111001
1111101001100110
1111101100100100
0000010100100001
0000010001111001
1111111010101001
1111111110100110
0000000001111010
1111101011010000
1111110101100111
0000011001011011
0000001101001010
1111111010010110
1111110111101100
1111110101000010
1111110101110110
0000010000100111
0000010001100011
1111111110010011
1111111000001010
1111110111011111
1111110000101100
0000001101101101
0000010010110100
0000000001101010
1111110110101111
1111110111010010
1111110000000011
0000001010000011
0000010100010110
0000000011001011
1111110111000100
1111110110001010
1111110100000101
0000001000110000
0000010010100101
0000000100011110
1111110111001111
1111110101110101
1111110011100011
0000001010001010
0000010011100111
0000000010000000
1111110101001101
1111110100010000
1111110111101000
0000001110001010
0000001111101111
1111111110101101
1111110100111100
1111110010110000
1111111111010101
0000010000010101
0000001101101110
1111111000001001
1111110100101011
1111110100010010
0000000111011101
0000010010100111
0000000100010010
1111110100111000
1111110011101111
1111111011001011
0000001101101001
0000001111001000
1111111011001000
1111110100001101
1111110100001111
0000000101100111
0000010001100110
0000000101010110
1111110101010110
1111110011100011
1111111100110011
0000001110000011
0000001011111011
1111111010101101
1111110100010010
1111110110111011
0000000111111111
0000001110110000
0000000001010100
1111110101010011
1111110110000001
0000000001011001
0000001101110010
0000000110011100
1111111000011110
1111110110110000
1111111100100110
0000001000110100
0000001001001111
1111111101110000
1111111000000101
1111111010001010
0000000011011001
0000001001010011
0000000010011110
1111111010010101
1111111001100001
1111111111011010
0000000110110111
0000000101000000
1111111101100010
1111111010111011
1111111101001110
0000000010111110
0000000101001011
0000000000110111
1111111100100100
1111111100100100
0000000000011000
0000000011111100
0000000010001010
1111111110101100
1111111101001101
1111111110110010
0000000001110001
0000000010011100
0000000000010100
1111111110001011
1111111110010110
0000000000100100
0000000001110000
0000000000111010
1111111111010100
1111111110111011
1111111111111000
0000000000110001
0000000000111011
0000000000001110
1111111111010110
1111111111101001
0000000000010000
0000000000011110
0000000000001101
1111111111110110
1111111111110100
1111111111111000
0000000000010001
0000000000010110
0000000000001010
1111111111111111
0000000000001000
0000000000000011
0000000000001101
0000000000010011
0000000000001101
0000000000001000
1111111111111101
0000000000000100
0000000000001011
