0000000000000011
0000000000001000
0000000000010010
0000000000001000
0000000000000100
0000000000001010
1111111111111110
1111111111111001
0000000000010001
0000000000010110
0000000000001011
1111111111111010
1111111111111001
1111111111110100
1111111111110011
0000000000011001
0000000000100001
0000000000001000
0000000000000010
0000000000001000
0000000000001001
1111111111110010
1111111111101000
1111111111011010
0000000000010101
0000000001011010
0000000001000001
0000000000000011
0000000000010011
0000000000001001
1111111100111000
1111111010101101
0000000000100000
0000001000011111
0000000010111100
1111111101100100
0000000011000110
0000000001100101
1111111001110001
1111110011110010
1111111110000111
0000010010100011
0000000100011101
1111110101011111
0000000000110110
0000001001001011
0000000000100010
1111110110100110
1111110111101000
1111111001000000
0000010000011001
0000000111000110
1111111010000000
1111111111001110
0000000111011110
0000000001110100
1111110110101000
1111110001110010
1111111010101001
0000011001100010
0000000001001001
1111110111000000
0000000100110001
0000000111100001
1111111111011000
1111110100101100
1111110000011100
1111111111011000
0000011011100001
1111111010110100
1111111010111111
0000000111001111
0000000100110000
1111111111011101
1111110000000101
1111110000001111
0000001010011101
0000010100000100
1111111010010100
1111111111000001
0000000100000110
0000001001110101
1111110111101100
1111101110110011
1111101110101010
0000011100011101
0000000001110011
0000000010010100
1111111111110100
0000000000000100
0000001110001100
1111101101100001
1111110000110000
1111101111110010
0000101011011001
1111110010111010
0000000101011011
1111111101111111
0000010010001100
1111101111111100
1111110111101101
1111011110111010
0000101101110001
1111101110110101
0000010100010100
1111110101011010
0000001001100101
0000000010011001
1111111010011011
1111011110101001
0000001001110110
0000000111001011
0000011001111000
1111101011100111
0000000110110000
0000010000000100
1111111100111001
1111011101010001
1111101001000111
0000100010011011
0000011011101110
1111100010110110
0000000100010111
0000010000011111
0000000100011111
1111100000010010
1111010110111000
0000100101110111
0000101010101000
1111100010101000
1111111111101000
0000000010101010
0000001011010110
1111100101111101
1111011101010101
0000001011100001
0000101111110010
1111101111000011
0000010000100111
1111111000100101
1111110011111110
1111100001100100
1111111001111010
1111110110101100
0000101001101011
1111101100110111
0000011100111100
0000001110111100
1111101101000110
1111010011110111
0000100100000110
1111100110111110
0000000110011000
1111110000100101
0000000111000110
0000010111100110
1111111100010100
1111010111101001
0001000101110101
0000101000110111
1111110010000000
0000000111101010
0000000001101010
1111100111101011
1111010110010111
1111001010110010
1111100101001011
0000010111101011
1111101001001111
0000000011101001
0000100101100001
0000000101011101
1111011100100111
0001001000010100
0000101100001100
0000001001110100
0000010101110011
0000011101001101
0000000001000110
1111110000011011
1111010010010101
1111110111010001
0000010110001101
1111101011010100
1111110000110111
0000010000010101
1111110101110110
1111001100001001
0000110010001111
0000110011101010
0000000110010000
0000001001110101
0000011110110111
1111111011101101
1111100000001001
1111011001110110
1111101110101001
0000000001111110
1111111011010111
0000001010101011
0000011101101110
0000000101110111
1111001111110101
0000000001101100
0000010000110100
1111011100110101
1111110001111011
0000100111101001
0000001001100100
1111011001001100
0000110010110110
0000101010110000
1111110011110011
1111101111111111
0000010111001101
0000000000111110
1111100011001111
1111110100101100
0000010111101101
0000010011110000
1111110101111101
1111111101101010
0000001000110010
1111110111011011
1111001111001100
0000000000111110
0000100001001111
1111111011010100
1111110100101010
0000010111000110
1111111011010100
1111000110111011
1111111011001011
0000101100000010
1111101111001000
1111111101000011
0000011101101001
1111110001001101
1111001110000110
0000000001000111
0000100111011111
1111101110110000
0000000100010101
0000010110101101
1111110011000101
1111010010101010
0000000011011001
0000100110001110
1111101110000100
0000000111111001
0000010100011000
1111110001100101
1111010011100010
0000001010111100
0000011100001010
1111110001101101
0000001010111001
0000010010000100
1111101110100111
1111011010111011
0000010110101000
0000001110111110
1111111010010101
0000000110001100
0000010011001001
1111100010000001
1111110110000100
0000010001011111
0000001101100011
1111110100101010
0000001000100100
0000001001111000
1111010101001101
0000000110110000
0000010101010010
0000000010100001
1111111001000000
0000001110010100
1111111111000010
1111010001101010
0000001010111111
0000100000001000
1111110110110001
0000000110110010
0000001110010110
1111110011101001
1111010011011000
0000010101000000
0000011011000110
1111110010111101
0000000010100100
0000010000111000
1111100010101101
1111110000010101
0000010110001000
0000010001010101
1111110011001101
0000000101111011
0000000110001111
1111011101000001
1111111110111101
0000011010010111
0000000111100111
1111111000001111
0000000011001111
1111111011100111
1111100111110110
0000000100010100
0000011001111000
0000000111101100
1111110101101010
1111111010001110
1111101111011001
0000000010101010
0000010011101100
0000001011101100
1111111000110001
1111111000111000
1111110001010001
1111111001001111
0000010101010000
0000001101001000
1111111010011111
1111110111010101
1111110011111011
1111110111111111
0000010001011110
0000010000001111
1111111100011000
1111110110011110
1111110100010100
1111111101001101
0000001101101010
0000001111101001
1111111101010101
1111110110001111
1111110011101100
1111111011100101
0000010000011001
0000001110101110
1111111011000101
1111110101000001
1111110010010010
0000000001010110
0000010001001110
0000001011110111
1111110111101010
1111110101010001
1111110100011011
0000000111010000
0000010011000110
0000000100100000
1111110101001100
1111110011100111
1111111001100011
0000001101011111
0000001111101010
1111111100011101
1111110100001111
1111110010111111
0000000011110111
0000010001001101
0000000111111010
1111110110001000
1111110011111101
1111111001101110
0000001011100011
0000010000010111
1111111101011111
1111110100001110
1111110100011111
0000000100010110
0000010000011101
0000000110000110
1111110110000110
1111110011111000
1111111100100111
0000001101101111
0000001011011110
1111111010011010
1111110101000100
1111111000100100
0000000111101101
0000001101000111
0000000000100000
1111110110100000
1111110111111010
0000000001000011
0000001011001101
0000000101011010
1111111010010011
1111111000001111
1111111101000000
0000000110110000
0000000111111010
1111111110110110
1111111001010111
1111111010110100
0000000010101111
0000000111011111
0000000010001111
1111111011110001
1111111011000100
1111111111001111
0000000100101111
0000000011111101
1111111110101101
1111111100001100
1111111101101100
0000000010001110
0000000011101100
0000000000111011
1111111101110011
1111111101100011
1111111111110100
0000000010100001
0000000001110111
1111111111011100
1111111101111000
1111111111000101
0000000001010010
0000000001101001
0000000000010100
1111111110111101
1111111111001001
0000000000000011
0000000001000001
0000000000110000
1111111111110101
1111111111011101
1111111111110101
0000000000011010
0000000000011011
0000000000001000
1111111111101111
1111111111110111
0000000000000101
0000000000001111
0000000000010001
1111111111111101
0000000000000101
0000000000000110
0000000000000111
0000000000011011
0000000000001011
0000000000001011
1111111111111101
1111111111111101
0000000000001111
