0000000000000000
0000000000000010
0000000000000101
0000000000000011
0000000000000001
0000000000000100
0000000000000000
1111111111111101
0000000000000010
0000000000001000
0000000000000101
1111111111111111
1111111111111111
1111111111111101
1111111111111010
0000000000000011
0000000000001010
0000000000000110
1111111111111111
0000000000000011
0000000000000100
1111111111111101
1111111111111011
1111111111110100
1111111111111101
0000000000010101
0000000000011011
0000000000000101
0000000000000011
0000000000000111
1111111111100001
1111111110100000
1111111111000110
0000000010000110
0000000001110001
1111111111100001
0000000000010001
0000000001000001
1111111110111110
1111111100111000
1111111101000010
0000000100100001
0000000011100010
1111111101110101
1111111110011001
0000000010011000
0000000001101011
1111111101110000
1111111101011111
1111111101000101
0000000010101100
0000000011111101
1111111111100000
1111111110001111
0000000010000000
0000000001100011
1111111110001010
1111111100001110
1111111011111101
0000000101111100
0000000011011100
1111111101101110
1111111111010110
0000000010101111
0000000001000010
1111111101100001
1111111011100010
1111111100000010
0000001000011010
0000000001000100
1111111110000101
0000000000111100
0000000001100001
0000000001011001
1111111100100000
1111111010111101
1111111101011010
0000001010000001
1111111110001001
1111111111101101
0000000001010010
0000000001010001
0000000001000100
1111111010110001
1111111011011011
0000000000011001
0000001000000110
1111111110000111
0000000000001011
0000000000010110
0000000100100100
1111111100001000
1111111011010111
1111111001000000
0000001011110000
1111111101010011
0000000011010001
1111111110111111
0000000000011111
0000000011011101
1111111011001100
1111111001010001
1111111111111000
0000000111010100
0000000001001101
1111111110101001
1111111111000000
0000001000100101
1111111001010110
1111111011000110
1111110101111000
0000010010001010
1111111010110100
0000000001101001
1111111110001100
0000001001011101
1111111001011111
1111111100010111
1111110011111001
0000010101010100
1111110101110101
0000000011111100
1111111110101010
0000001000111000
1111111100010011
1111111010110111
1111110011101001
0000010110101110
1111110110111110
0000000000000101
1111111110000111
0000001010101011
0000000010000011
1111110111111011
1111110001101000
0000010101001110
1111111111111100
1111111100101001
1111111011110100
0000000011011101
0000000101111101
1111111011010000
1111110001011000
0000010001001100
0000000111011011
1111111010011110
0000000001001011
1111111110010110
1111111110111111
1111111001000011
1111110101001001
0000000011010101
0000001111010110
1111111010111111
0000000111110000
0000000111011001
1111111011000001
1111110010001000
0000000100100010
1111110110001100
1111111111111101
1111111001011010
1111111111001111
0000000101110001
1111111111000011
1111110100000100
0000010110011101
0000010011000001
0000000001000010
0000001000010101
0000001001111100
1111111101101001
1111110110001000
1111110110010001
1111110101111001
1111111111100110
1111110110110111
1111111000010111
0000000000011001
1111111011010100
1111101111000100
0000001110110001
0000010000000100
1111111110101101
0000000010111100
0000001011011101
0000000000001010
1111110111010110
1111111001001011
1111111011100101
1111111111101010
1111111100111100
1111111111111100
0000000101000011
0000000000011000
1111110010110100
0000000110111000
0000001100000010
1111111000111010
1111111001010001
0000000101001011
1111111100110100
1111110011111000
0000010001010110
0000010010000101
0000000100010110
1111111110100111
0000000000101101
1111111001110011
1111111000010010
1111110100111111
0000000010000000
0000000111101111
0000000001010100
1111111111101100
0000000001110000
1111111101011011
1111110010011001
1111111100110100
0000000110111110
1111111110101110
0000000010101110
0000000110011111
1111111100001010
1111110010101010
0000000100010011
0000000100111000
1111111110000101
0000000011000011
0000000101111010
1111111100011101
1111110011010110
0000000111111010
0000000101000101
1111111111011101
0000000001110011
0000000100011110
1111111110010011
1111110001011101
0000001001011010
0000000110000011
0000000000000111
0000000000011010
0000000100110110
1111111110101010
1111110001000001
0000001001111011
0000000100110000
0000000000011100
1111111111010101
0000000100110001
1111111110001000
1111110000101000
0000000101111111
0000000110110011
1111111110101110
1111111111100011
0000000101111010
1111111100101101
1111110010100000
0000000010111010
0000001010010001
1111111100001011
0000000001101001
0000000101011010
1111111100000000
1111110010001011
0000000011110000
0000001000110001
1111111011110011
0000000011010110
0000000101100100
1111111001110010
1111110110111001
0000000101100111
0000000110000011
1111111100000110
0000000001111100
0000000101100000
1111110101110100
1111111101110011
0000000110110101
0000000100100100
1111111100010111
0000000011010111
0000000010010001
1111110010001111
0000000010110000
0000001001000010
1111111111000110
1111111111101101
0000000011101111
1111111101111100
1111110010110001
0000000101100001
0000001000100100
1111111100101010
1111111111110010
0000000011111001
1111111001010000
1111111010001001
0000000110001100
0000000101011001
1111111110011001
1111111111100101
0000000000100101
1111111001101111
1111111100111000
0000000111101011
0000000011111110
1111111110010011
1111111101100000
1111111100101100
1111111100111100
0000000101000000
0000000101010011
1111111111011111
1111111101101001
1111111101011100
1111111011011001
0000000100001001
0000000101101011
0000000000100000
1111111101001101
1111111101011000
1111111011001100
0000000011000010
0000000110001001
0000000000111101
1111111101010011
1111111101000010
1111111100011010
0000000010101001
0000000101100111
0000000001010110
1111111101010111
1111111100111100
1111111100010000
0000000011000100
0000000101111011
0000000000100111
1111111100110000
1111111100011101
1111111101011110
0000000100010001
0000000100110000
1111111111100111
1111111100101011
1111111100000000
1111111111110011
0000000100111011
0000000100001001
1111111101101000
1111111100100101
1111111100011110
0000000010010000
0000000101100111
0000000001010011
1111111100101001
1111111100010011
1111111110100011
0000000100000111
0000000100100100
1111111110100010
1111111100011100
1111111100011101
0000000001101100
0000000101010100
0000000001100111
1111111100110010
1111111100010000
1111111111000010
0000000100001111
0000000011100110
1111111110011010
1111111100011110
1111111101010001
0000000010011010
0000000100011101
0000000000011001
1111111100110001
1111111100111111
0000000000011011
0000000100001010
0000000001111100
1111111101101111
1111111101001110
1111111110111110
0000000010101010
0000000010110010
1111111111010101
1111111101100111
1111111110001111
0000000001000001
0000000010110100
0000000000110000
1111111110010011
1111111110000011
1111111111110100
0000000010000100
0000000001100001
1111111111010000
1111111110011110
1111111111001010
0000000000111001
0000000001100100
0000000000010001
1111111110111110
1111111110111110
0000000000000111
0000000001001100
0000000000101010
1111111111100111
1111111111001010
1111111111101001
0000000000100010
0000000000101111
0000000000000110
1111111111011101
1111111111100000
0000000000001011
0000000000100010
0000000000010010
1111111111110011
1111111111101011
1111111111111101
0000000000001111
0000000000010010
0000000000000100
1111111111110011
1111111111111001
0000000000000101
0000000000001001
0000000000000100
1111111111111101
1111111111111101
1111111111111110
0000000000000101
0000000000000111
0000000000000011
0000000000000000
0000000000000010
0000000000000001
0000000000000100
0000000000000110
0000000000000100
0000000000000010
1111111111111111
0000000000000001
