0000000000000111
0000000000010001
0000000000001111
0000000000000101
0000000000001101
0000000000000111
1111111111110100
1111111111111101
0000000000100000
0000000000011101
1111111111111110
1111111111111100
1111111111110110
1111111111101101
1111111111111101
0000000000101010
0000000000100001
1111111111111101
0000000000001011
0000000000001111
1111111111111101
1111111111101001
1111111111010100
1111111111011111
0000000001000000
0000000001111100
0000000000101011
0000000000000011
0000000000011110
1111111111000111
1111111010010110
1111111010010110
0000000110000000
0000001001101000
0000000000000011
1111111110110101
0000000100110011
1111111110010001
1111110100101011
1111110000101101
0000001011100001
0000010011110100
1111111100010010
1111110100101110
0000000111010011
0000001010001111
1111111001111010
1111110100011011
1111110011111110
0000000010011110
0000010100101110
0000000010010100
1111110110100011
0000000101110101
0000001000010000
1111111100001100
1111110001011011
1111101101000011
0000001100100001
0000011000110100
1111111001010011
1111110111110111
0000001011010101
0000000110110000
1111111000111111
1111101110011001
1111101100001110
0000010111101100
0000010001100000
1111110111010100
1111111110110010
0000001000011110
0000000111001110
1111110110010011
1111101001101001
1111101101010111
0000100110101010
0000000001000111
1111111101110110
0000000010100001
0000000011001000
0000001100001001
1111101011110101
1111101011111111
1111101111111111
0000110000011000
1111110011011110
0000000011110011
0000000010010011
0000001010100001
1111111101010101
1111101010101111
1111100111011001
0000010101000000
0000001111010001
0000000100111111
1111111100011011
1111111101000000
0000011111000000
1111100010101011
1111101101011110
1111011110110010
0001000001010100
1111101100000001
0000001001111010
1111110110101110
0000100011001011
1111100010000011
1111111001111011
1111001100111001
0001001100000001
1111010111111100
0000100100010111
1111101100000010
0000011101000111
1111101010110011
0000000011001010
1111001110000111
0000110100000110
1111010011001111
0000111001100111
1111101000000000
0000011000011101
1111110001001110
1111111110011001
1111010100001001
0000101001000010
1111001010100101
0000110110100011
1111110001100000
0000100101111110
1111110011110100
1111101001101110
1111010001001011
0000111011111010
1111010101100010
0000010101011010
1111101100001001
0000101010010011
0000010111100100
1111100110110010
1111000010100111
0001001110101110
1111101111001000
1111111100111001
1111110001001001
0000001010110101
0000010111111011
1111101111010011
1111000100111011
0001001000110000
0000101100000101
1111101000101101
0000001001100001
1111111101001111
1111101000101101
1111010100010001
1111001100000011
1111110010100010
0000111010000010
1111110010100110
0000100001100001
0000111010011010
0000000100111111
1111010100011100
0001001000100100
0000000001110001
1111110010100110
1111101111100001
1111101010110101
1111100100010000
1111010111011010
1110101000001011
1111111111101111
0000101011100011
1111100101010000
1111111101110010
0000101101011011
1111111101100101
1111001001011101
0000110001110000
0000010111101100
0000000000000011
0000000011011110
0000010100111010
0000000100100110
1111110001011110
1110111110111111
1111111001010111
0000011011001001
1111100100010010
1111101010000110
0000010110001001
1111110011110000
1111000010001010
0001000101100011
0001001011111110
0000010000010110
0000000101000011
0000011001000111
1111101010110111
1111001011011011
1111001101101111
1111111110001001
0000011110110010
0000010100100010
0000010101101101
0000010001010011
1111101010110110
1110110011001100
1111110001001000
0000011111100000
1111110101110111
0000001000110000
0000101000110110
1111110010001110
1110111100010010
0000101101000101
0000100110111011
1111100101110100
1111111100000001
0000101111101010
1111110011101101
1110111010111010
0001000100001100
0000101100001110
1111100101110000
1111111101011110
0000100100100111
1111110001010000
1111001001111011
0000101101010001
0000011011010100
1111101111110010
0000000001011100
0000010111000010
1111110100110100
1111011100110100
0000001101110111
0000010111000010
1111111100101100
0000000000011010
0000001100000011
0000000001101001
1111011101110010
1111111100110101
0000011001010110
0000000001110111
1111111111111001
0000001000110100
0000001001001101
1111010101011011
0000001100001100
0000010001110101
0000001010001110
1111111000111111
0000001010011100
0000000100111101
1111000111011101
0000010111010111
0000010100100001
0000000111100000
1111111000000011
0000010011100001
1111111011000001
1111000011011100
0000010010101000
0000100011010101
1111110100101101
0000000010100001
0000010101101111
1111110010010101
1111000100111111
0000001111001100
0000100111001001
1111101110001111
0000001100010101
0000010111110100
1111100101111100
1111010100111000
0000011001110001
0000011100001101
1111101101011100
0000001000010001
0000010101111101
1111010011111001
1111110011100101
0000011100110010
0000010000001000
1111110010000010
0000001100000000
0000000111101010
1111000101100000
0000000110111000
0000100110001010
1111111101001000
1111111000111100
0000001111100110
1111110010111000
1111011001010000
0000010110001001
0000011100010001
1111111111110111
1111111000001100
0000000101101011
1111101101101000
1111101011011101
0000010110010100
0000011011110011
1111111101111001
1111110011111100
1111110110010100
1111101001110000
0000010000000111
0000010111100101
0000000100011001
1111110110000010
1111110110011110
1111101001000100
0000000111100001
0000011011110111
0000001010011010
1111110011010011
1111110110010001
1111101100010111
0000000101110001
0000011000100100
0000001101110110
1111110100010001
1111110100100101
1111101110011110
0000000100110000
0000010110011100
0000001010110101
1111110111100111
1111110010111100
1111101110001110
0000000110101001
0000011000011110
0000001010100011
1111110011100100
1111110001111001
1111110010001010
0000001011010110
0000011000011101
0000000011101101
1111110010010111
1111110000101101
1111110110111110
0000010010001001
0000010011100111
1111111100101000
1111110000111100
1111101110001010
0000000011011110
0000010101101110
0000001011111100
1111110100111011
1111110000010010
1111110100011010
0000001101010111
0000010101010001
0000000000100101
1111110000111001
1111101111010110
0000000001111010
0000010100011110
0000001100100101
1111110101001111
1111110000011111
1111110110110101
0000001100110110
0000010100001101
1111111110100011
1111110001000011
1111110001110010
0000000100010010
0000010101000010
0000000110100000
1111110011110101
1111110010000101
1111111100101000
0000001111111010
0000001100100000
1111111001100111
1111110011100000
1111111000011100
0000000111111001
0000001101111010
0000000001001000
1111110110000101
1111110111000010
0000000000111100
0000001011100000
0000000110010101
1111111010100011
1111110111010100
1111111100100011
0000000111000100
0000001000001100
1111111111001011
1111111001100100
1111111010110101
0000000010000010
0000000111000100
0000000010101100
1111111100100111
1111111011000100
1111111111000011
0000000100011010
0000000011111000
1111111111001100
1111111100100110
1111111101101010
0000000001100100
0000000011010110
0000000001010010
1111111110000110
1111111101100111
1111111111111010
0000000010001000
0000000001101100
1111111111011110
1111111110011111
1111111111010100
0000000000110111
0000000001010011
0000000000011110
1111111111100011
1111111111011111
1111111111111111
0000000000101000
0000000000011000
1111111111111001
1111111111101010
1111111111111110
0000000000000010
0000000000010100
0000000000001111
0000000000000110
0000000000001001
0000000000001000
0000000000011110
0000000000001111
0000000000010111
0000000000001001
1111111111111110
0000000000000101
0000000000001000
