0000000000000110
0000000000001110
0000000000010011
0000000000000101
0000000000001100
0000000000001000
1111111111110111
1111111111111101
0000000000011100
0000000000011101
0000000000000011
1111111111111011
1111111111110110
1111111111101101
1111111111110110
0000000000100101
0000000000100011
0000000000000001
0000000000001010
0000000000001100
0000000000000011
1111111111101100
1111111111011001
1111111111010111
0000000000110010
0000000010000000
0000000000110111
0000000000000010
0000000000011111
1111111111100100
1111111010110111
1111111001110010
0000000100001111
0000001010010101
0000000001001101
1111111101111100
0000000100110000
1111111111100111
1111110101110010
1111110000000111
0000000110010000
0000010110100010
1111111111001001
1111110011001111
0000000101100011
0000001011001010
1111111011111111
1111110100001001
1111110100011000
1111111101111100
0000010110001001
0000000100011101
1111110110011100
0000000011110111
0000001000111100
1111111110010010
1111110010001000
1111101100111110
0000000101111111
0000011100001011
1111111011110001
1111110110000101
0000001010001011
0000000111110101
1111111011000100
1111101111001011
1111101011111001
0000001111100101
0000011000010011
1111110111011011
1111111100100011
0000001001010010
0000000111000010
1111111001001111
1111101001111101
1111101100011100
0000011111111100
0000001000011111
1111111100011111
0000000000110101
0000000011010100
0000001101110001
1111101110001010
1111101011011010
1111101011011011
0000110000100000
1111110101011010
0000000100110010
0000000001110010
0000000101111011
0000000101010011
1111101001011100
1111101001110001
0000000100001010
0000011110010011
1111111101111001
1111111111000101
1111111100110001
0000100000011011
1111100001100000
1111110001011011
1111010110010001
0001001000010001
1111100101101000
0000010001011111
1111110100111001
0000011101101001
1111101010000000
1111111101010011
1111001110000010
0000111101001011
1111100000011111
0000101010110110
1111100110110101
0000010110000110
1111110111011110
0000000110000110
1111001110011011
0000010110001000
1111101001011111
0001000000100010
1111011110001001
0000010000101111
1111111010110100
0000000101000101
1111010100000001
0000000100101001
1111100101100011
0001000110011001
1111101000110101
0000011001111101
1111110001000000
1111110101111100
1111010111011001
0000011000001100
1111011010110001
0000101011101000
1111101100011110
0000101101010011
0000001011101101
1111100011101100
1111000110100111
0000110100110000
1111011100110001
0000010100010011
1111101011100010
0000010111111110
0000011111110100
1111101111101101
1111000100000010
0001010010101111
0000010010011100
1111101000101111
1111111011110001
1111111001000000
1111110110001000
1111100001100010
1111000001101101
0000100010000000
0001001110001010
1111110110110101
0000100111000100
0000110011010111
1111111000110110
1111001101110001
0000011011001010
1111011110101110
1111101101111011
1111011010011011
1111100010000100
1111110100101000
1111100100000100
1110110001111111
0000101101010111
0001000111000111
1111111010110110
0000010101100011
0000111011101010
0000000101100011
1111011000100111
0000001100011010
1111111001110000
1111111011000011
1111110101100001
0000000000010000
0000000110001001
1111110011000110
1110111110100010
0000011000011101
0000110110110100
1111101101111110
1111101111111100
0000011011010011
1111101111000110
1111000000110100
0000110010101011
0000110110010110
0000010011011011
0000010000011111
0000100001110000
1111111100111011
1111011100100010
1110110000111010
1111100001001111
0000001100000101
0000000100011110
0000010111011010
0000101100111101
1111111011100001
1110110110100000
0000001100000011
0000011110011011
1111100101101010
0000000010111101
0000110001010000
1111111001111100
1110111100010000
0001000001101011
0000111000110111
1111101001010001
1111101111110001
0000100101011011
1111111100100101
1111001010001111
0000011010010111
0000101100010111
1111111011010000
1111101010111111
0000011001111100
0000000011010010
1111010101101111
1111110001110100
0000101011000000
1111111110111011
1111110011010000
0000010100110011
0000000010000010
1111101000001101
1111100010000100
0000011101111101
0000001000000111
1111111011101110
0000001000101110
0000001011111101
1111101011101111
1111011010000000
0000011101110111
0000001011011001
1111111011101101
0000001000110010
0000001111100001
1111100100100101
1111101001110000
0000011010111011
0000001001111111
1111111011010100
0000000101110001
0000001111101111
1111010011000101
0000000111100001
0000010100001101
0000001110101100
1111110100100010
0000001101011101
0000000101100000
1111000110111110
0000010000101010
0000011011000111
1111111110010011
1111111011010101
0000010100000000
1111111001101111
1111000011111110
0000001101110010
0000101001100001
1111110001110111
0000001010011000
0000010010010011
1111110000000011
1111000101100001
0000011001110111
0000100011010111
1111101111000011
0000000100111101
0000011011100100
1111011011010110
1111101010110111
0000011011101110
0000011010100100
1111101110101010
0000001001111010
0000001101010011
1111001001101101
0000000101001011
0000100011111110
0000000101110110
1111110110001111
0000001101010110
1111111010101010
1111010001100001
0000001111100000
0000011111000001
1111111111111010
1111111000011010
0000000101000001
1111110010111001
1111100110101110
0000010011100000
0000011011011010
0000000010000101
1111110011000101
1111110111110010
1111100111111110
0000001001111001
0000011011110001
0000000110111011
1111110110010011
1111110110110010
1111101010001001
0000000101000001
0000011010010000
0000001110011000
1111110011111101
1111110110001000
1111101100100000
0000000001100011
0000011000100011
0000001110101100
1111110110110101
1111110100001000
1111101101011000
1111111111101001
0000010110110100
0000001101111011
1111111000010111
1111110011111000
1111101101001010
0000000010100000
0000011000010110
0000001110000100
1111110100100001
1111110010001101
1111110000001111
0000001001001001
0000010111001110
0000000110111011
1111110011110111
1111110000110000
1111110010111101
0000010000000001
0000010110001010
1111111111100010
1111110001001110
1111101110111110
1111111111110010
0000010100011110
0000001111111100
1111110110011101
1111110000110000
1111110001110111
0000001011000001
0000010110011110
0000000011101011
1111110001011100
1111101111011100
1111111101010101
0000010011000101
0000001110111001
1111111000001001
1111110000010110
1111110011110010
0000001010110001
0000010101010001
0000000001010000
1111110001011111
1111110001001010
0000000001011110
0000010011100011
0000001001101100
1111110101001010
1111110001111011
1111111010010011
0000001110001100
0000001110010010
1111111011110000
1111110011011100
1111110111011000
0000000110000100
0000001110010011
0000000011001011
1111110110101010
1111110110100001
1111111111010001
0000001010111100
0000000111100111
1111111011101110
1111110111010001
1111111011010011
0000000101111011
0000001000111110
0000000000010101
1111111001110010
1111111010011101
0000000001000011
0000000110110110
0000000011101010
1111111101000101
1111111010111011
1111111110010101
0000000011111100
0000000100001111
1111111111101111
1111111100101111
1111111101010110
0000000001001000
0000000011001100
0000000001100110
1111111110011011
1111111101100001
1111111111011010
0000000001111110
0000000001110110
1111111111110010
1111111110100000
1111111111011001
0000000000101011
0000000001010000
0000000000110001
1111111111101011
1111111111010101
1111111111110111
0000000000100101
0000000000011010
1111111111111111
1111111111110000
1111111111111010
1111111111111101
0000000000011110
0000000000010000
0000000000001101
0000000000000101
0000000000001100
0000000000010010
0000000000010010
0000000000011000
0000000000001101
0000000000000100
1111111111111101
0000000000000101
