0000000000000100
0000000000001001
0000000000000100
0000000000000010
0000000000000100
0000000000000001
1111111111111100
0000000000000111
0000000000001100
0000000000000110
1111111111111110
1111111111111011
1111111111111011
1111111111111001
0000000000001011
0000000000010001
0000000000000110
1111111111111111
0000000000000011
0000000000000110
1111111111111001
1111111111110101
1111111111101011
0000000000000100
0000000000101101
0000000000100110
0000000000000011
0000000000001000
0000000000001000
1111111110101001
1111111101010001
1111111111100101
0000000100010001
0000000010000010
1111111110110010
0000000001010010
0000000001001101
1111111101001110
1111111001111011
1111111101001100
0000001001101110
0000000011011000
1111111010111001
1111111111011100
0000000100100110
0000000001001011
1111111011010101
1111111011110001
1111111011101001
0000000111100101
0000000100110011
1111111101100010
1111111110101010
0000000011110111
0000000001101000
1111111011100111
1111111000111011
1111111011011001
0000001100101111
0000000010010101
1111111011010111
0000000001010100
0000000100010010
0000000000100001
1111111010101001
1111111000000001
1111111100110111
0000001111010011
1111111110010000
1111111101000111
0000000011010101
0000000010010110
0000000000110010
1111111000010111
1111110111101110
0000000001100011
0000001101100010
1111111100100000
1111111111011001
0000000010011001
0000000100000111
1111111101101000
1111110111000010
1111110111100000
0000001010001110
0000000101001011
1111111111111000
1111111111110000
1111111111111110
0000001000101011
1111110110101111
1111111000001100
1111110100100110
0000011000000010
1111111000000011
0000000100011110
1111111110111001
0000000110011110
1111111100000010
1111111011001010
1111110000010010
0000010000110110
1111111101001010
0000001001001111
1111111010101101
0000000010000111
0000000111001010
1111111010011101
1111110001010001
1111111100001110
0000001111001000
0000000110100001
1111111000000110
0000000001010111
0000001101000001
1111111010100001
1111110001000001
1111101110001110
0000011101111001
0000000011010101
1111110100111111
0000000001001001
0000001101001100
1111111111101011
1111110000110111
1111100110111110
0000100010010100
0000001010100001
1111110001110001
1111111101011111
0000000111110100
0000000111101111
1111110010111000
1111100110011001
0000010101101000
0000010101001100
1111110101111100
0000000010001111
1111111100001101
1111111111010001
1111110100010101
1111101111100010
0000000101100101
0000011000111110
1111110101001110
0000001100010111
0000000011011100
1111110110011011
1111101011001001
0000000110000001
1111110011110101
0000001011101011
1111110111100101
0000001001111000
0000010000111101
1111111110001000
1111101010110000
0000100011111010
0000000110001010
1111110110010000
1111111011110111
1111111001011001
1111110101101100
1111101111011001
1111100001000111
0000000100001101
0000011001001111
1111111011011000
0000001011111101
0000011011010101
0000000101011101
1111110001001000
0000011100100010
0000001001011011
0000000010001110
0000000001101110
0000000011001101
1111111101110010
1111111000010111
1111100100100011
0000000011000101
0000010010011010
1111110111111110
1111111011100010
0000001101010011
1111111011110111
1111100111101100
0000010110010100
0000010010000111
0000000011110000
0000000100110101
0000001110011110
0000000011001101
1111110111111100
1111100100111111
1111110100010000
0000000000010101
1111110100111101
1111111101001101
0000010000000000
0000000100101111
1111101100001000
0000010011111010
0000010010111000
1111110000010110
1111110011100100
0000001010100001
0000000000010001
1111110000011110
0000010011100101
0000010010100110
0000000000011110
1111111010000111
0000000010001100
0000000000000010
1111111001100011
1111101011000110
0000000001110001
0000001101001111
0000000001110101
1111111100110100
0000000100001001
1111111111101111
1111100110001100
1111110110010110
0000010010111101
0000000001011001
1111111011001011
0000001010011111
1111111111101011
1111100100101001
1111111010101010
0000010111000011
1111111100101111
1111111011011110
0000001110100000
1111111100000100
1111100101001001
0000000001000011
0000010011111010
1111111001111101
1111111110100101
0000001110011001
1111111000111000
1111101001000000
0000000010000111
0000010011001100
1111111001100000
0000000000011111
0000001100100011
1111111000000101
1111101001100101
0000000011000101
0000010011010010
1111110111010111
0000000101001100
0000001001011101
1111111000101010
1111101001100111
0000001000100001
0000001100110101
1111111001110110
0000000101010101
0000001001110011
1111110101000001
1111110010010001
0000001010000111
0000001000011111
1111111010110010
0000000010111111
0000001000111100
1111101101110110
1111111101010100
0000001011100011
0000000110001111
1111111010111011
0000000101110001
0000000010111100
1111101000100000
0000000110000110
0000001101010011
1111111110000000
1111111111100110
0000000110101100
1111111101101000
1111100110010011
0000001000100011
0000010000000110
1111111001110100
0000000000010100
0000001001001001
1111110100011001
1111110011101011
0000001011101110
0000001011110100
1111111001010001
0000000001111111
0000000101000110
1111101111010010
1111111101101101
0000001100100000
0000000101011010
1111111100010101
0000000001000011
1111111111000000
1111110011110010
0000000000110000
0000001100011010
0000000110100111
1111111010010100
1111111101000101
1111110111010101
1111111110111101
0000001010100111
0000000101111000
1111111101011110
1111111100000001
1111111001100010
1111111010111001
0000001001100000
0000001000100100
1111111110010010
1111111011001101
1111111010111000
1111111011001011
0000000111101100
0000001000111000
1111111111110101
1111111010101100
1111111010100110
1111111011101011
0000000111001111
0000000111010100
0000000000010100
1111111010111001
1111111010001010
1111111100000101
0000000111110010
0000001000010111
1111111110111010
1111111010000111
1111111001100101
1111111111001111
0000001000010001
0000000111001010
1111111100100100
1111111010011001
1111111001000000
0000000010101100
0000001001010101
0000000011100010
1111111011001010
1111111001101010
1111111011011000
0000000110000110
0000001000100110
1111111111101000
1111111001111011
1111111001000011
0000000000111011
0000001000000110
0000000101010001
1111111011111010
1111111001101011
1111111011100011
0000000101001001
0000001000101100
1111111111111000
1111111001111011
1111111001110001
0000000001000110
0000001000001111
0000000100011011
1111111011010100
1111111001111000
1111111101001011
0000000110001110
0000000110101111
1111111110000000
1111111010010111
1111111011100110
0000000010111010
0000000111000111
0000000001010000
1111111011010100
1111111011100010
1111111111110000
0000000101100010
0000000011100010
1111111101100101
1111111011110110
1111111101111001
0000000010111110
0000000100011001
0000000000000101
1111111100101001
1111111101000100
0000000000110100
0000000011111000
0000000001101001
1111111110000100
1111111101011001
1111111111001101
0000000010001111
0000000010010000
1111111111101101
1111111110000101
1111111110100101
0000000000110110
0000000001111111
0000000000101100
1111111111000000
1111111110100111
1111111111110010
0000000001001100
0000000001000110
1111111111110111
1111111110111010
1111111111011011
0000000000011111
0000000000111110
0000000000010000
1111111111011110
1111111111100000
1111111111111110
0000000000100010
0000000000011011
1111111111111111
1111111111101111
1111111111110110
0000000000001011
0000000000010000
0000000000000101
1111111111110110
1111111111111101
0000000000000000
0000000000000110
0000000000001001
0000000000000010
0000000000000100
0000000000000010
0000000000001001
0000000000001010
0000000000000110
0000000000001000
0000000000000000
0000000000000010
0000000000000011
0000000000000011
