0000000000000011
0000000000000101
0000000000000010
0000000000000001
0000000000000011
1111111111111111
1111111111111110
0000000000000101
0000000000000111
0000000000000011
1111111111111110
1111111111111110
1111111111111100
1111111111111100
0000000000001000
0000000000001010
0000000000000010
0000000000000000
0000000000000010
0000000000000011
1111111111111100
1111111111111001
1111111111110100
0000000000000110
0000000000011011
0000000000010100
0000000000000001
0000000000000110
0000000000000011
1111111111000100
1111111110011010
0000000000001010
0000000010100100
0000000000111001
1111111111010001
0000000000111100
0000000000011110
1111111110001000
1111111100010100
1111111111011011
0000000101100110
0000000001010110
1111111100110101
0000000000010000
0000000010110001
0000000000001010
1111111101001011
1111111101011110
1111111101111001
0000000100111100
0000000010001001
1111111110001100
1111111111110001
0000000010010000
0000000000100011
1111111101001011
1111111011101110
1111111110011000
0000000111101101
0000000000010110
1111111101010010
0000000001011100
0000000010010001
1111111111110100
1111111100100110
1111111011010100
1111111111110100
0000001000010011
1111111110011100
1111111110011111
0000000010001100
0000000001011100
1111111111110101
1111111011001101
1111111011010000
0000000011001010
0000000110000011
1111111110010010
1111111111101101
0000000001001111
0000000010111110
1111111101100000
1111111010110100
1111111010110001
0000001000100101
0000000000100011
0000000000101101
1111111111111100
0000000000000001
0000000100010010
1111111010011011
1111111011011010
1111111011000111
0000001101000101
1111111100000011
0000000001101001
1111111111011001
0000000101011111
1111111011001010
1111111101100000
1111110110000001
0000001101110011
1111111010110101
0000000110001000
1111111100110011
0000000010111001
0000000000101110
1111111110010100
1111110101111100
0000000010111110
0000000010001011
0000000111110011
1111111001110111
0000000010000010
0000000100110110
1111111111000100
1111110101100010
1111111001000110
0000001010011000
0000001000010111
1111110111001101
0000000001010100
0000000100111110
0000000001010111
1111110110011100
1111110011100110
0000001011011011
0000001100110111
1111110111001001
1111111111111001
0000000000110011
0000000011011011
1111111000001001
1111110101100011
0000000011011110
0000001110011010
1111111010111001
0000000101000001
1111111101110001
1111111100011000
1111110110110101
1111111110001011
1111111101001100
0000001100100100
1111111010001111
0000001000101110
0000000100100000
1111111010010011
1111110010101100
0000001010111001
1111111000011101
0000000001111011
1111111011010110
0000000010001001
0000000111000111
1111111110111001
1111110011110101
0000010101000100
0000001100010100
1111111011110010
0000000010010100
0000000000100000
1111111000101010
1111110011011100
1111101111111101
1111110111111010
0000000111001001
1111111001001001
0000000001000110
0000001011010100
0000000001101001
1111110101010101
0000010101110100
0000001101010101
0000000010111101
0000000110100101
0000001000110011
0000000000010101
1111111011010011
1111110010001111
1111111101011000
0000000110101101
1111111001110001
1111111011011100
0000000100111011
1111111100111100
1111110000010111
0000001111001010
0000001111100101
0000000001111001
0000000010111110
0000001001010100
1111111110101101
1111110110011001
1111110100100000
1111111010110001
0000000000100110
1111111110100110
0000000011001110
0000001000111110
0000000001110001
1111110001011110
0000000000100000
0000000101000100
1111110101011001
1111111011110000
0000001011111101
0000000010111000
1111110100010011
0000001111010101
0000001100111001
1111111100010100
1111111011001011
0000000111000000
0000000000010011
1111110111010101
1111111100100110
0000000111001001
0000000101111101
1111111100111110
1111111111010011
0000000010101001
1111111101011010
1111110001010010
0000000000010011
0000001010000001
1111111110100110
1111111100100101
0000000110111110
1111111110100101
1111101110110010
1111111110100011
0000001101010010
1111111010111010
1111111111000111
0000001000111100
1111111011100010
1111110000111101
0000000000010101
0000001011111010
1111111010110011
0000000001010100
0000000110110110
1111111100000111
1111110010010101
0000000001000001
0000001011100001
1111111010100110
0000000010011000
0000000110001001
1111111011101010
1111110010100110
0000000011010011
0000001000011111
1111111011101100
0000000011010010
0000000101011101
1111111010110000
1111110100110100
0000000110110101
0000000100100001
1111111110010010
0000000001110111
0000000101110010
1111110110111101
1111111101000000
0000000101010001
0000000100000101
1111111100100101
0000000010100101
0000000010111111
1111110011000110
0000000010000010
0000000110011011
0000000000110000
1111111101111001
0000000100010100
1111111111101101
1111110010000010
0000000011010100
0000001001101100
1111111101001110
0000000010000011
0000000100010101
1111111100010001
1111110010100011
0000000110010101
0000001000001011
1111111100000100
0000000000110001
0000000101000110
1111110111001011
1111111011010001
0000000110101011
0000000101001110
1111111100001001
0000000001110010
0000000001111000
1111110101011101
1111111111101100
0000000111111101
0000000010010011
1111111101101010
0000000000111111
1111111110101011
1111111000101110
0000000001010011
0000000111110011
0000000010010100
1111111100111000
1111111110010000
1111111011000000
0000000000110011
0000000101111100
0000000011100001
1111111101110100
1111111101110111
1111111011100011
1111111101111110
0000000110011010
0000000011111101
1111111110010110
1111111101011001
1111111100010111
1111111101100101
0000000101010001
0000000100111001
1111111110111010
1111111101001000
1111111100011111
1111111111001010
0000000100001000
0000000100101110
1111111111001101
1111111101000100
1111111100010010
1111111110101011
0000000100111100
0000000100011100
1111111110100001
1111111100101100
1111111011110111
0000000000011010
0000000101001100
0000000011100101
1111111101011111
1111111100110001
1111111100100001
0000000010001100
0000000101110000
0000000001010111
1111111100101111
1111111100010001
1111111110000100
0000000100000100
0000000100101110
1111111110111100
1111111100011101
1111111100000101
0000000001001010
0000000101001100
0000000010011001
1111111101000001
1111111100011000
1111111110000111
0000000011011111
0000000100111100
1111111111001111
1111111100011101
1111111100100010
0000000001010100
0000000100111110
0000000001110110
1111111101000001
1111111100010110
1111111110111111
0000000100001001
0000000011011101
1111111110010100
1111111100101101
1111111101110001
0000000010010101
0000000011111101
0000000000001010
1111111101001001
1111111101100100
0000000000010100
0000000011011000
0000000001101000
1111111110010010
1111111101101010
1111111111000110
0000000010000010
0000000010011001
1111111111101010
1111111110000000
1111111110011100
0000000000110101
0000000010010001
0000000000101011
1111111110101110
1111111110100001
1111111111110001
0000000001011011
0000000001001100
1111111111100111
1111111110110110
1111111111010011
0000000000101011
0000000001000111
0000000000010010
1111111111010110
1111111111010001
1111111111111100
0000000000110001
0000000000100100
1111111111110101
1111111111010111
1111111111101110
0000000000011001
0000000000100000
0000000000000110
1111111111101100
1111111111101111
0000000000000001
0000000000010100
0000000000001111
1111111111111101
1111111111110101
1111111111111101
0000000000001000
0000000000001000
0000000000000010
1111111111111011
1111111111111101
0000000000000010
0000000000000101
0000000000000101
1111111111111111
0000000000000010
0000000000000010
0000000000000010
0000000000001000
0000000000000011
0000000000000011
1111111111111111
1111111111111111
0000000000000101
0000000000000010
